6231
42 138 112 246
46 61 70 145
74 49 145 105
70 56 135 180
123 98 159 160
23 131 112 147
89 98 107 141
101 60 168 86
30 32 103 169
6 64 165 146
15 163 56 165
26 64 51 199
37 25 86 37
51 174 137 234
99 68 168 177
126 39 148 71
36 150 194 195
66 146 69 226
49 59 160 200
68 19 94 206
142 54 158 141
51 48 190 59
54 44 135 207
147 78 191 113
83 35 165 48
25 2 111 140
12 112 110 128
60 80 97 97
47 181 88 242
13 10 182 65
91 200 100 243
10 146 103 160
41 32 57 78
158 208 164 211
141 5 193 238
11 99 149 169
1 98 76 231
156 15 173 99
109 143 139 204
89 15 114 52
11 49 76 209
92 8 149 194
119 139 128 206
44 23 110 76
73 209 191 228
76 18 138 128
137 86 189 109
73 29 112 248
15 56 154 77
108 25 147 115
150 19 175 123
1 169 146 200
7 21 90 148
74 101 132 190
140 215 144 239
48 167 51 218
33 108 197 147
6 169 16 221
26 206 65 217
27 7 77 241
145 136 181 149
2 83 104 140
35 88 159 202
21 58 24 202
174 16 183 78
149 34 169 223
103 130 159 232
124 61 178 243
145 17 191 227
56 71 115 102
34 123 175 165
72 63 194 136
73 83 83 193
63 201 97 208
13 166 47 226
50 80 137 172
84 208 120 242
12 22 18 145
28 38 78 102
132 118 195 168
35 146 44 183
3 83 90 154
67 46 150 132
7 199 87 225
156 49 165 76
84 15 154 25
52 2 94 80
39 162 112 208
168 63 168 190
51 59 100 225
109 41 134 156
48 19 154 224
19 80 104 161
24 74 159 156
151 15 184 196
59 83 76 244
77 0 108 95
132 19 133 76
64 140 140 145
1 40 28 134
105 133 149 203
27 9 154 79
7 79 59 198
113 197 196 245
19 51 109 183
96 53 165 227
56 11 155 76
97 117 134 143
178 116 181 173
57 21 190 248
29 32 176 152
70 62 131 114
89 40 115 224
68 18 76 174
5 77 58 238
52 131 122 141
10 69 195 154
113 73 178 242
32 15 94 156
32 42 187 201
29 125 98 177
22 214 178 232
62 147 153 210
55 3 144 249
172 191 173 233
62 89 180 187
137 33 171 224
111 55 196 134
74 138 176 158
1 96 150 249
31 122 117 193
118 121 128 239
3 77 181 187
34 23 165 111
39 60 85 223
115 45 164 85
6 56 181 93
117 9 134 78
16 18 112 57
66 39 89 154
22 33 177 239
13 170 82 198
69 30 147 33
69 121 92 146
130 135 167 142
60 20 101 124
96 70 139 204
49 69 65 139
8 55 168 143
47 196 79 204
19 70 86 96
46 64 193 109
23 123 33 217
6 32 18 231
60 56 112 62
103 21 118 45
5 35 128 197
25 2 39 50
42 1 117 162
141 54 155 245
80 229 152 243
39 81 110 238
38 51 175 81
3 232 148 245
52 28 137 108
47 65 133 214
80 172 194 218
81 124 93 201
109 101 138 141
60 48 87 108
180 13 194 40
93 117 121 197
15 203 16 203
12 116 69 169
112 200 170 233
12 7 178 131
79 125 88 147
37 20 48 233
123 115 129 131
0 9 64 99
109 66 189 234
158 233 195 234
89 80 138 174
44 7 137 214
54 109 170 210
71 146 114 149
98 24 104 165
47 28 79 150
91 90 133 99
97 193 112 244
110 30 126 100
52 138 190 217
91 145 119 159
58 43 177 97
119 99 171 242
152 18 196 92
152 43 156 58
137 108 168 221
119 135 138 189
81 40 94 171
34 125 109 245
60 229 187 234
84 78 101 79
153 71 175 230
71 54 169 145
92 89 178 134
3 34 182 217
109 140 185 235
9 141 31 181
36 55 156 82
176 88 188 168
126 71 140 94
23 100 115 120
15 71 31 127
137 8 168 115
36 88 62 172
8 4 121 25
41 34 78 105
144 212 193 247
134 126 175 143
81 53 178 58
13 40 29 121
66 110 169 199
91 109 161 183
48 20 84 133
74 100 190 172
35 78 43 239
22 127 46 154
104 17 152 204
129 72 152 103
36 207 176 237
37 137 146 138
51 124 68 154
154 17 179 246
6 47 93 231
27 133 75 204
137 28 169 33
188 139 190 207
5 4 190 212
31 84 119 230
8 41 13 249
164 17 164 55
6 6 136 77
61 77 111 82
42 9 98 122
86 15 165 30
74 2 122 208
105 3 175 243
18 167 179 249
13 241 27 246
153 110 171 248
24 73 118 178
20 8 188 167
137 52 137 194
60 120 150 242
35 4 50 82
94 244 111 247
87 77 92 105
103 143 192 201
104 66 125 148
107 164 117 231
40 65 199 134
27 99 191 154
53 52 192 190
66 9 148 89
44 126 55 202
116 42 194 66
17 76 153 113
10 90 87 181
128 30 144 181
101 44 191 69
20 159 98 185
5 2 31 166
119 49 188 185
43 24 67 217
24 111 126 222
5 16 49 109
63 19 150 58
100 45 196 108
49 10 189 33
45 88 98 214
50 34 181 122
34 86 111 173
38 124 178 204
116 71 192 159
94 60 181 249
95 177 191 213
28 122 186 171
0 110 14 160
45 42 179 246
77 153 129 198
51 163 87 205
9 5 46 119
48 33 164 113
101 104 112 178
130 98 175 159
112 61 116 101
153 108 183 227
25 12 73 205
102 89 103 244
53 94 154 113
134 0 137 136
85 28 154 199
40 39 76 204
60 28 193 121
89 154 163 178
31 61 167 162
38 24 82 204
174 112 176 243
99 112 138 144
2 29 163 191
145 65 183 83
22 38 186 69
8 33 169 149
130 14 134 46
67 37 121 63
101 16 163 109
88 23 169 97
77 135 118 229
41 26 67 64
109 61 137 140
136 170 161 193
8 66 27 148
34 243 74 246
85 205 108 234
46 149 163 155
64 40 104 46
54 94 104 242
46 138 195 179
61 223 178 246
32 67 157 233
14 42 23 72
91 195 195 232
42 109 173 134
17 90 133 176
70 167 143 175
4 38 167 179
18 18 47 29
119 138 137 240
0 152 194 234
20 27 53 223
63 12 130 86
86 169 150 193
69 9 123 68
50 176 163 210
78 30 160 90
135 204 141 214
45 63 52 219
91 81 107 191
143 45 155 72
53 12 108 17
23 81 151 195
1 154 135 204
19 208 28 246
53 88 166 246
78 184 179 206
11 13 75 237
55 136 100 161
111 80 136 165
48 180 155 192
68 55 194 210
77 63 80 206
43 42 192 86
163 150 172 174
13 74 131 132
105 141 150 178
29 67 94 246
2 77 138 238
43 87 46 146
61 20 93 211
146 18 189 121
111 55 184 166
39 39 169 199
14 176 193 222
101 15 157 83
24 23 188 230
42 5 100 227
17 149 128 240
53 148 175 175
64 17 177 112
41 40 129 83
26 6 74 36
38 207 190 220
12 32 170 67
5 33 72 219
54 128 156 153
66 62 119 217
99 63 154 133
76 59 102 135
26 49 60 81
8 116 179 143
64 163 135 191
107 164 167 248
34 69 108 137
11 157 127 188
130 33 149 107
130 181 140 222
37 138 87 169
36 77 143 80
66 129 79 196
134 80 181 212
132 196 170 213
85 120 133 233
128 170 133 191
49 110 130 211
64 72 188 166
104 14 176 43
72 127 152 132
159 106 186 162
168 87 168 236
8 38 100 80
84 9 191 79
75 109 168 166
48 106 81 118
47 83 66 119
7 90 187 120
142 114 188 126
112 79 197 146
11 104 112 116
84 41 156 43
18 52 28 157
35 84 153 209
10 98 136 158
48 179 83 216
155 22 177 220
7 17 89 45
14 33 126 146
2 83 77 148
20 22 186 225
34 205 169 207
112 86 143 199
40 14 96 196
51 151 168 175
71 62 128 142
140 8 190 148
114 181 142 221
9 97 156 167
40 3 50 81
122 127 166 237
94 93 132 217
26 163 140 239
1 125 127 133
16 20 60 66
72 74 123 190
14 229 120 248
152 57 186 143
61 69 68 218
81 188 150 206
3 74 145 243
5 66 21 190
26 1 174 37
145 83 179 190
53 58 171 91
83 116 141 190
71 57 128 244
127 90 127 201
138 11 146 125
62 58 139 140
35 201 199 239
49 12 193 228
51 130 107 200
18 77 31 191
55 28 167 62
143 158 150 232
65 86 81 170
32 54 103 156
19 23 32 172
25 83 54 210
32 136 97 227
105 168 119 199
56 33 88 135
78 49 179 119
90 2 90 157
2 201 198 249
19 193 74 213
169 196 179 249
2 157 164 239
47 93 99 110
135 32 146 229
16 91 133 159
118 89 186 240
11 82 17 105
51 166 100 241
13 127 68 241
78 185 117 227
10 71 78 100
29 66 193 178
117 33 148 112
85 120 175 151
42 6 45 12
75 46 121 221
121 122 182 159
41 68 59 188
128 113 149 218
106 45 130 207
56 15 64 58
97 19 141 134
133 114 138 143
82 68 173 147
6 114 160 124
148 38 158 106
66 131 74 192
108 40 113 203
22 172 46 224
34 45 66 179
72 134 163 242
73 69 109 166
115 92 153 148
124 62 185 167
47 18 50 28
64 41 106 100
25 58 76 150
1 117 135 198
80 72 134 174
103 110 196 218
144 66 147 229
28 34 128 239
101 126 121 174
18 81 117 84
27 156 33 202
77 93 85 101
40 69 83 123
20 35 145 57
63 31 169 195
166 55 171 127
6 45 174 69
50 192 171 195
34 161 40 247
111 15 168 67
109 20 162 201
111 47 170 94
59 31 121 246
116 58 161 210
44 57 120 162
39 12 185 165
94 205 154 211
21 66 111 66
64 62 81 235
63 85 166 223
137 137 138 157
46 76 56 148
78 164 182 238
112 27 137 37
171 105 199 235
114 16 178 110
163 20 194 58
159 146 179 171
81 33 149 49
31 132 91 241
49 55 195 155
103 22 181 195
100 135 111 185
56 100 140 161
88 4 137 69
143 165 187 212
114 47 133 199
44 51 74 115
3 44 154 107
127 51 172 169
37 173 79 232
38 71 136 182
136 124 172 150
129 64 136 149
83 47 99 204
5 0 9 138
42 214 149 223
16 65 130 242
127 78 144 139
49 83 118 194
63 64 107 93
117 11 180 108
46 54 57 164
58 46 116 158
123 169 176 194
101 113 166 241
94 151 169 184
71 171 87 240
65 176 132 249
119 56 179 159
86 124 172 163
8 34 57 53
48 9 177 104
14 106 147 118
46 39 157 158
79 172 191 231
23 98 143 138
17 206 114 228
43 51 167 234
83 96 141 232
72 196 188 203
82 136 145 231
64 17 75 53
89 46 92 100
29 87 42 172
18 206 96 213
44 16 166 86
107 77 153 105
53 68 181 169
13 167 90 189
141 223 145 248
11 117 135 195
120 158 182 160
34 177 114 245
79 79 97 220
3 195 33 236
14 65 149 114
151 3 178 181
42 134 126 244
191 189 199 230
103 51 147 188
35 72 166 120
64 150 183 180
27 8 136 30
101 204 197 229
17 107 78 164
110 30 195 238
23 139 37 200
4 149 81 159
136 63 159 166
90 16 138 50
44 4 100 124
70 54 118 212
6 11 89 47
87 112 112 162
85 106 173 130
43 106 125 126
22 154 116 210
92 144 168 154
77 38 127 55
28 0 99 98
60 70 180 190
13 66 148 81
26 42 111 225
132 32 177 192
11 26 44 226
27 103 108 135
59 193 84 236
156 19 198 140
9 20 176 188
39 1 187 189
61 88 107 161
122 101 156 164
50 194 141 204
121 84 158 164
9 60 72 76
32 38 131 148
192 116 193 197
57 133 72 177
32 2 189 64
7 12 96 225
105 2 191 165
24 31 39 54
53 209 155 242
28 83 107 203
6 152 58 244
143 115 157 142
72 15 127 15
27 197 95 240
37 68 119 90
34 232 144 240
129 66 168 240
22 15 99 40
120 58 168 92
49 138 91 249
84 136 117 152
94 18 99 68
39 65 45 84
102 122 154 124
172 35 190 120
12 13 143 232
140 5 199 111
172 202 183 205
3 32 132 36
7 35 128 39
26 116 29 203
147 76 148 206
11 116 24 197
88 54 126 147
62 136 126 205
38 6 102 59
21 4 58 44
120 74 186 85
70 94 143 241
50 13 71 245
65 53 174 144
66 31 167 241
56 167 167 168
77 7 94 21
28 151 164 214
100 87 132 144
83 24 165 162
185 77 196 173
59 24 187 187
43 50 143 62
44 15 147 240
48 68 189 93
36 156 145 212
42 32 47 246
62 69 184 133
4 26 99 133
20 0 35 173
75 84 196 219
162 137 187 152
38 169 110 220
3 91 86 115
9 72 195 247
34 62 146 126
176 81 186 168
14 113 192 138
137 72 162 187
59 179 98 226
9 135 127 170
5 31 134 206
102 1 113 35
108 91 114 132
118 123 145 177
47 166 95 186
39 62 96 206
63 35 101 188
117 196 180 238
13 18 75 191
3 62 137 68
52 34 97 241
33 87 132 93
43 158 116 221
30 56 130 163
120 157 186 226
130 56 174 136
21 111 64 180
53 2 84 55
136 29 177 105
12 41 68 47
104 159 184 201
29 31 59 66
8 18 50 101
9 200 63 230
7 35 68 36
85 173 112 219
16 212 196 218
90 2 160 218
10 150 17 165
116 218 170 228
31 40 91 230
7 144 140 236
9 77 126 113
39 83 106 184
4 131 148 146
5 191 119 231
31 122 33 198
23 48 92 117
12 144 37 225
188 111 190 249
47 83 163 97
122 107 141 177
102 178 193 207
61 93 97 95
141 77 151 101
9 41 176 239
36 50 104 168
133 144 152 221
67 81 82 191
30 89 157 169
45 142 67 219
10 214 121 238
40 189 161 196
0 63 31 136
80 64 179 202
20 36 95 218
73 204 130 248
38 60 44 76
148 18 184 65
33 181 110 184
84 5 127 220
125 13 125 140
15 144 138 244
43 111 94 158
94 184 110 246
0 92 78 106
61 14 108 107
39 11 116 27
24 158 75 178
15 7 32 159
137 88 149 215
1 147 76 155
95 50 161 103
89 55 196 207
48 99 112 134
94 35 165 199
8 97 100 172
35 61 189 145
92 51 140 167
73 42 177 196
150 12 158 55
56 35 60 141
59 40 124 154
100 59 113 116
70 90 165 148
68 42 193 131
104 79 128 246
114 9 185 186
57 33 118 188
45 7 163 164
121 77 172 112
169 65 187 91
128 23 153 175
23 106 90 210
100 6 109 83
75 43 142 95
91 3 110 249
83 33 156 67
44 61 152 218
0 124 192 233
24 19 91 48
39 184 196 199
189 8 196 154
22 82 82 89
28 14 145 120
0 58 2 105
77 86 129 209
166 26 192 227
154 11 172 229
50 72 155 214
31 82 176 205
26 213 156 234
84 60 179 227
26 198 37 221
19 82 122 239
80 132 166 197
6 123 28 198
124 100 158 227
162 10 199 109
156 94 195 194
61 104 104 170
27 24 106 90
128 60 149 104
40 51 104 205
90 182 185 190
25 95 122 153
13 156 54 228
27 2 30 175
31 22 68 244
7 10 92 189
103 55 127 248
14 186 71 243
34 50 43 121
112 45 172 95
54 2 85 113
52 56 192 179
30 87 152 153
165 1 166 233
58 33 189 51
107 41 121 82
69 201 170 247
67 167 138 230
61 25 134 209
3 19 145 88
62 54 63 220
13 150 190 199
4 171 44 202
55 10 127 111
26 63 149 207
35 3 54 57
58 128 82 145
157 61 178 157
16 120 42 233
41 134 172 143
157 74 187 199
10 23 167 27
0 86 189 160
117 137 180 167
81 127 177 242
72 91 104 208
145 176 190 184
15 119 24 152
6 37 110 134
110 148 131 222
5 9 108 140
25 34 158 116
29 43 163 220
59 72 184 75
36 2 61 79
86 32 173 134
15 138 38 146
58 151 116 210
132 190 182 219
135 35 155 241
138 152 169 221
7 61 80 94
45 86 178 141
44 232 102 248
36 53 118 139
73 52 80 161
156 7 163 118
123 22 144 242
79 45 139 248
9 97 95 192
54 44 97 246
134 147 154 196
171 232 195 242
101 36 120 124
22 19 136 228
98 45 132 128
10 11 152 195
14 35 174 174
57 55 172 182
52 81 119 147
111 120 175 160
122 34 131 38
8 57 43 106
103 172 124 231
92 165 97 169
7 201 72 244
135 55 175 114
104 15 139 205
78 23 124 71
64 157 78 204
79 149 152 216
57 61 136 138
8 185 10 211
50 6 104 72
22 126 97 247
0 69 199 77
65 119 116 248
56 189 83 192
70 44 126 73
83 93 146 219
75 187 95 212
105 42 147 187
11 86 153 89
1 59 123 198
129 148 195 193
19 86 64 210
78 191 178 241
10 101 111 225
80 138 134 211
59 166 116 206
132 99 139 205
116 59 118 148
26 230 99 234
86 39 147 191
84 16 166 205
98 28 177 75
40 12 80 163
97 34 113 145
45 37 173 133
84 141 153 142
12 27 90 128
49 104 114 191
92 119 160 144
44 193 146 207
30 105 166 109
103 209 138 210
77 86 182 149
18 127 70 249
26 141 191 148
12 167 85 216
94 37 170 227
32 10 32 232
116 43 167 230
115 70 149 241
55 91 172 190
21 64 41 114
76 132 102 191
106 29 123 171
157 67 163 207
152 121 188 189
102 191 150 198
70 77 160 125
54 53 167 200
24 79 32 197
90 193 109 243
79 45 179 50
37 112 78 114
32 128 172 173
31 110 115 220
147 93 179 148
9 14 53 83
109 16 181 38
104 101 163 226
20 53 106 55
17 70 64 241
135 108 148 216
68 34 181 43
65 77 142 139
25 4 103 58
27 159 167 221
46 80 129 208
19 12 29 133
54 125 85 130
93 76 106 172
118 22 144 164
55 128 79 128
79 3 165 190
24 5 88 230
76 7 195 195
7 31 115 96
132 23 140 139
11 65 37 103
6 183 131 234
87 23 118 100
37 58 188 166
40 95 141 117
62 200 112 201
52 89 180 151
14 101 119 103
59 18 184 244
93 7 115 100
49 141 153 170
172 76 186 130
92 103 132 208
78 202 132 226
8 204 68 216
24 49 57 119
121 59 145 139
89 35 155 178
29 159 122 238
15 60 65 169
177 116 187 158
75 120 137 217
68 6 181 217
47 86 199 205
6 150 91 230
27 211 190 241
109 4 166 248
0 122 178 181
33 74 43 203
84 166 153 200
124 27 128 106
73 63 103 124
92 106 167 244
40 212 146 248
131 25 199 131
75 68 185 178
108 114 191 225
6 51 129 211
82 149 123 223
1 202 13 226
18 1 53 26
65 17 179 135
112 86 145 157
48 101 73 219
24 139 43 211
41 46 101 196
47 74 112 145
75 56 160 217
55 121 114 163
57 138 115 181
188 96 199 192
108 92 119 218
10 68 87 170
80 84 108 121
71 59 189 158
67 49 150 183
11 227 160 236
13 57 105 245
46 100 132 216
86 160 145 164
4 93 169 137
30 149 166 156
13 85 92 132
52 34 101 106
139 12 141 62
28 37 50 113
73 54 101 130
103 85 135 168
45 55 110 67
177 147 196 168
45 76 113 202
41 120 138 249
170 79 191 129
26 40 75 193
1 59 128 90
43 189 184 218
1 29 92 132
36 106 50 240
50 122 53 226
63 17 146 144
113 160 146 205
70 28 122 136
83 23 93 150
9 110 98 136
38 125 103 171
4 142 124 239
64 193 170 207
159 131 175 163
89 66 105 221
18 132 45 243
142 55 174 170
107 49 135 227
31 26 190 90
8 108 47 229
30 128 131 133
87 34 159 163
118 5 122 107
99 194 116 204
38 129 177 186
5 66 95 210
120 73 121 186
19 81 24 214
5 176 169 205
136 164 143 237
76 25 140 67
2 48 91 180
144 2 153 89
2 65 5 131
112 55 162 220
179 99 199 146
24 61 190 135
65 150 78 227
21 238 171 238
63 128 103 214
165 77 194 83
15 8 74 27
140 56 191 225
80 106 123 249
57 53 154 215
22 28 123 169
107 106 185 126
13 100 197 109
101 54 142 239
68 136 82 237
85 48 177 89
7 2 110 95
48 37 77 46
8 200 129 239
193 151 196 204
94 121 163 193
40 148 96 218
122 153 197 168
136 128 180 160
1 31 141 162
135 87 167 181
43 197 152 236
63 49 99 81
63 170 148 177
61 116 64 199
110 109 144 237
37 114 82 142
51 112 97 215
22 11 148 237
148 20 156 248
155 124 199 195
61 27 109 116
152 115 181 142
25 121 158 218
28 107 171 108
75 127 82 189
17 67 174 152
109 154 184 186
8 17 179 79
152 75 185 154
64 1 114 69
62 215 122 232
51 66 94 153
99 27 118 53
25 14 95 216
0 79 185 180
44 22 177 200
36 55 39 199
148 104 173 165
47 38 59 230
149 166 173 241
39 27 186 241
39 60 139 246
100 159 136 245
8 71 198 113
99 126 104 200
151 221 188 241
138 25 168 50
17 61 37 71
32 135 135 249
110 212 121 218
88 172 98 242
105 51 109 243
134 11 184 165
59 173 191 242
12 96 187 157
65 80 148 111
196 21 198 154
127 105 132 151
119 155 119 246
17 86 196 176
109 118 110 224
157 30 157 172
188 83 199 197
30 53 85 233
18 126 123 238
2 101 174 126
68 116 161 241
0 149 138 170
57 171 151 220
3 12 5 117
48 127 156 242
99 28 118 88
88 71 97 213
33 73 147 82
9 25 118 212
96 208 137 223
44 116 59 169
29 24 92 232
39 74 135 129
44 84 132 233
72 6 133 64
44 188 119 211
74 169 136 198
52 128 67 190
60 213 153 224
108 56 141 176
72 91 152 130
4 12 66 37
27 2 85 46
54 147 69 152
57 38 119 90
26 132 107 142
21 71 164 125
54 74 182 213
23 64 165 201
13 78 129 185
125 20 128 27
102 18 193 24
57 178 142 225
41 17 74 159
35 176 89 189
13 178 36 229
15 181 199 228
57 112 199 194
69 179 159 181
119 80 196 186
79 108 153 140
11 119 35 186
185 41 191 112
112 119 167 121
73 24 127 194
30 15 68 148
25 152 85 159
7 35 56 36
109 192 132 194
87 165 128 174
0 35 156 214
66 50 155 94
65 15 88 142
29 60 40 248
43 67 157 109
184 29 191 136
52 130 162 144
25 102 171 163
19 31 123 164
139 212 160 249
14 52 158 152
36 135 87 141
146 81 187 190
31 27 170 167
36 56 126 161
94 13 110 94
41 209 126 234
75 129 101 228
171 68 196 234
37 140 147 187
86 109 151 174
16 61 69 102
54 214 181 219
92 67 134 239
131 131 138 160
153 65 176 228
30 28 156 201
8 150 196 244
6 49 160 212
56 17 68 87
70 96 76 107
64 4 140 80
37 72 113 122
87 3 140 23
98 65 186 249
90 15 124 55
34 15 47 191
133 118 191 206
54 17 157 212
142 108 165 188
22 102 133 244
80 77 183 78
179 171 180 237
130 100 171 113
40 36 147 63
39 204 115 229
51 96 95 201
11 3 72 161
60 139 74 192
59 29 191 210
109 159 179 166
41 200 185 243
23 161 164 196
95 72 156 148
1 166 80 182
18 47 119 93
10 5 90 47
49 28 113 58
57 85 120 168
77 130 133 171
125 101 190 193
78 76 135 106
23 36 136 224
40 173 176 202
59 38 98 150
39 34 68 207
21 198 54 228
4 84 137 195
35 225 150 248
174 33 188 91
138 61 177 80
91 6 133 128
12 24 167 57
33 9 73 63
51 147 69 178
50 40 86 73
2 30 93 73
44 81 123 150
17 119 66 246
12 73 169 116
135 45 186 197
79 77 190 160
86 118 190 194
87 114 121 163
149 135 192 191
147 14 165 49
1 13 8 194
155 108 198 136
12 183 144 210
111 126 176 132
0 38 14 233
73 147 82 172
92 0 193 242
58 35 194 223
86 56 146 73
93 10 185 11
16 157 83 165
60 56 143 245
116 124 159 166
134 46 166 181
20 223 68 228
143 8 151 48
170 198 197 204
62 39 175 159
30 22 82 82
26 174 89 208
53 64 121 89
173 43 184 245
41 2 120 108
1 44 194 191
84 155 161 158
6 239 117 244
48 43 81 120
26 85 56 204
9 146 184 239
60 16 93 87
87 9 170 62
49 17 199 23
57 40 158 145
0 20 28 80
21 148 113 154
34 5 140 231
9 18 111 51
114 69 179 207
9 192 51 207
49 11 145 242
22 33 183 202
132 217 175 222
42 42 152 117
10 21 137 204
95 23 150 100
20 35 162 208
180 79 192 203
135 23 164 138
132 58 147 243
97 159 153 241
30 160 171 186
63 138 126 168
77 39 157 58
108 143 114 157
87 44 178 141
69 190 142 230
5 24 145 82
25 53 114 166
93 79 185 199
146 31 198 170
150 21 153 60
13 51 192 98
18 22 108 249
72 31 191 140
28 99 111 180
6 212 108 218
78 51 118 221
10 166 129 189
151 120 194 154
159 24 170 49
0 1 69 190
92 42 137 82
82 228 141 231
20 18 171 179
64 6 111 85
136 24 161 233
195 79 198 216
11 82 139 248
96 186 120 249
114 63 147 239
49 41 187 159
124 82 188 245
62 115 90 161
43 53 182 128
49 147 114 245
20 43 154 179
37 87 192 188
76 10 122 228
69 79 158 149
23 62 131 138
9 146 175 193
61 21 80 203
167 144 193 173
112 145 144 232
157 204 169 207
15 152 180 236
67 175 188 181
118 187 145 228
144 27 154 126
24 167 139 240
99 131 114 141
44 72 77 169
83 32 171 41
31 48 117 79
114 110 117 176
176 170 183 224
83 123 138 239
113 126 123 225
2 37 39 117
99 196 149 202
73 22 105 71
22 75 129 174
95 120 148 200
74 4 138 150
21 4 138 204
30 164 92 188
68 26 151 173
62 144 121 159
67 102 71 175
77 134 188 204
99 63 190 137
3 29 140 89
26 66 103 172
34 113 75 133
56 54 144 173
26 73 187 119
55 52 81 110
7 38 29 54
67 3 86 180
86 2 198 36
47 76 139 79
167 199 187 236
55 66 61 218
154 145 159 196
31 187 102 215
121 5 171 13
23 79 41 149
182 147 187 168
49 42 70 147
71 174 199 203
0 165 106 211
21 194 99 206
90 124 159 133
89 97 107 244
62 2 148 195
152 99 178 193
36 10 77 98
20 107 146 168
152 199 169 217
32 27 127 72
12 38 111 149
106 97 114 246
80 31 143 117
6 221 158 242
19 55 22 72
79 63 162 153
39 70 43 85
44 94 47 249
91 9 139 135
19 201 104 246
83 67 166 150
31 105 41 177
49 154 173 199
10 169 26 190
143 31 194 109
35 61 136 89
184 30 187 244
56 56 128 168
107 103 120 240
29 132 171 219
92 98 117 226
11 87 80 201
81 207 101 215
75 97 183 144
2 15 95 166
113 106 147 227
80 7 148 26
123 22 194 43
147 3 150 162
75 63 138 67
35 63 48 105
7 99 67 113
41 14 49 70
117 136 155 204
62 175 198 233
27 135 100 249
138 29 159 34
49 5 128 74
11 46 86 108
20 74 166 101
101 14 199 54
18 29 80 51
45 54 160 127
132 111 187 159
62 27 146 58
94 46 182 198
130 29 191 179
20 76 140 107
75 25 182 185
106 105 112 226
4 38 88 59
102 116 123 149
56 189 90 215
6 55 85 231
171 29 176 126
135 67 137 147
25 45 81 134
80 195 149 241
81 148 128 200
25 10 133 125
117 1 186 240
184 16 186 83
120 39 159 213
193 38 194 81
88 42 127 78
57 173 98 178
62 72 87 195
16 40 63 157
86 23 144 249
171 35 190 72
10 112 27 217
148 69 168 195
79 32 181 99
177 221 192 238
14 64 185 167
83 109 148 166
107 35 190 232
116 57 153 223
20 73 38 168
37 139 164 189
52 38 82 216
64 139 186 194
64 227 105 236
16 111 138 186
144 130 162 165
51 199 99 200
167 21 178 113
152 57 196 140
66 96 131 119
132 19 156 220
87 84 165 85
11 94 146 98
38 185 95 207
72 118 123 184
59 75 82 201
19 181 20 224
21 0 197 15
89 89 98 187
121 154 132 222
41 41 189 182
22 52 38 141
69 49 84 142
104 3 199 214
77 76 141 179
48 36 131 63
167 84 179 114
30 78 65 151
39 8 88 124
29 111 111 161
64 89 189 122
16 87 154 218
97 4 104 174
65 169 113 217
32 75 114 121
29 17 145 156
4 116 184 118
105 118 116 224
1 21 102 153
66 54 105 68
4 197 190 208
21 0 58 238
96 174 128 226
63 26 127 145
53 86 129 231
10 41 75 163
72 104 138 158
60 187 157 222
26 97 43 174
88 127 196 165
49 25 101 154
128 35 170 105
12 111 68 186
124 197 190 218
22 90 48 162
4 72 49 129
107 128 167 237
105 85 119 172
13 81 51 113
64 17 164 227
7 118 104 173
64 5 92 91
44 27 140 249
70 31 184 115
122 18 155 27
32 46 82 100
63 10 153 138
52 31 107 149
67 99 119 181
110 176 196 216
24 29 157 139
47 89 97 235
190 10 191 144
191 11 197 191
104 2 117 154
81 226 158 233
8 70 9 195
19 24 24 100
23 12 28 53
47 92 165 221
107 112 126 154
23 108 33 226
15 139 164 187
42 115 176 197
141 113 199 147
17 146 91 166
13 13 46 247
112 93 199 176
83 141 165 197
52 35 72 214
13 110 65 231
18 9 79 142
1 19 4 40
56 129 102 233
31 20 70 56
67 20 122 65
22 47 156 159
59 37 82 243
182 107 194 158
152 145 154 150
67 11 140 186
102 37 179 111
87 43 194 54
94 142 184 204
93 38 142 93
56 99 122 218
75 103 134 236
81 173 121 200
59 25 122 42
100 59 102 84
25 5 128 28
117 189 120 234
48 63 98 65
59 13 67 93
9 30 19 232
129 33 170 211
162 165 195 195
76 0 180 16
90 74 181 224
15 150 159 248
145 180 191 181
53 102 191 147
41 166 190 243
13 17 73 219
76 127 115 217
84 47 142 192
72 69 154 144
97 29 191 214
49 168 68 239
85 20 135 49
93 137 112 142
20 24 115 220
153 38 166 219
40 71 142 75
149 164 175 238
121 97 141 219
102 241 108 248
11 198 170 204
31 97 189 216
139 17 151 248
75 39 83 64
85 44 109 160
72 23 139 130
58 101 128 143
53 26 178 240
138 59 178 101
124 73 178 91
144 114 197 225
145 74 157 218
109 28 150 131
9 175 28 240
3 169 183 198
128 143 151 222
119 22 142 68
22 37 175 53
48 73 137 162
86 78 89 134
10 223 19 242
45 32 69 230
38 44 73 177
95 41 159 112
15 107 157 141
9 122 179 158
86 63 141 129
130 100 152 233
21 232 138 241
73 88 115 92
38 62 93 155
98 51 199 160
29 95 70 158
58 156 77 231
130 32 183 102
2 21 128 168
98 198 178 226
97 43 128 203
45 3 136 138
79 12 168 208
38 139 197 204
33 39 85 233
2 43 7 110
38 67 134 180
44 128 119 180
146 93 171 155
13 26 136 228
111 79 176 237
12 99 158 107
60 176 79 240
23 125 88 220
123 5 195 116
48 50 86 135
44 7 183 36
6 24 146 213
42 56 151 154
179 98 191 235
30 95 126 238
10 24 10 81
121 53 133 137
59 131 170 154
62 35 127 52
37 72 68 194
129 37 195 97
33 71 75 132
2 74 151 225
105 36 130 83
60 100 187 159
3 12 63 56
113 31 170 219
148 75 174 186
106 110 150 227
57 1 95 61
102 133 125 191
32 149 89 193
39 33 64 159
96 79 154 154
165 26 173 125
131 98 151 152
19 189 179 218
50 44 113 142
46 131 96 158
11 84 136 179
16 168 172 213
93 188 109 203
140 166 149 222
17 160 130 160
61 48 175 78
5 184 128 199
12 36 28 40
75 10 159 132
68 107 160 207
49 35 62 112
41 155 189 168
105 0 199 90
29 153 176 211
144 69 161 119
97 107 198 170
73 59 180 230
135 23 178 209
49 6 69 222
93 92 114 150
93 70 192 111
19 76 142 130
72 61 173 189
34 41 174 152
64 114 137 154
95 45 110 67
111 136 158 207
66 192 197 204
171 91 182 171
24 106 90 231
30 125 132 137
7 83 56 199
61 154 88 207
60 39 92 55
67 8 125 53
126 6 142 223
11 123 138 159
39 26 114 222
18 49 154 192
87 56 163 131
61 78 181 188
168 79 172 151
16 129 49 186
38 24 62 227
4 32 181 107
186 69 190 127
6 127 120 180
20 13 105 25
61 50 116 200
169 131 180 248
54 14 63 48
97 24 181 234
46 108 141 247
91 74 127 192
27 63 129 182
47 65 155 223
11 136 176 246
75 24 93 200
17 14 88 57
57 60 165 232
151 98 164 164
11 46 179 101
21 143 139 161
32 152 172 184
82 31 112 208
0 29 70 96
122 8 195 174
36 131 69 179
51 10 116 129
149 108 188 126
71 146 99 245
89 37 113 56
82 54 198 110
63 28 156 239
4 28 80 41
75 191 113 203
28 51 143 219
22 31 177 168
26 131 187 216
46 93 68 106
73 184 87 195
18 25 54 165
87 122 136 133
75 152 182 187
107 142 128 188
123 195 154 245
14 122 17 174
47 30 162 247
99 155 193 172
163 209 171 247
129 172 151 176
15 33 82 141
139 79 145 239
27 39 165 78
105 11 164 217
20 131 199 231
82 9 129 72
139 18 176 164
57 51 116 140
113 52 139 88
33 212 180 225
83 106 111 202
22 83 163 158
71 81 76 210
58 146 155 225
83 50 101 208
123 37 161 126
16 70 145 102
41 19 143 195
15 49 154 189
29 41 88 72
133 61 184 92
52 101 105 222
72 83 132 228
113 29 116 151
18 46 199 239
75 200 152 243
35 54 140 152
23 59 151 139
10 23 142 167
2 96 50 225
10 143 73 165
39 230 198 230
41 189 143 207
75 95 142 154
26 61 78 228
20 98 130 197
5 133 121 179
63 148 157 241
102 40 198 152
17 159 50 161
26 74 31 239
59 20 137 199
82 79 103 204
44 16 82 161
33 127 169 214
46 143 87 149
36 44 47 46
96 219 183 227
19 68 22 152
72 152 91 194
11 183 160 222
35 8 52 107
35 18 110 217
85 89 193 121
69 32 137 88
74 23 138 24
22 62 43 191
12 91 178 103
20 91 77 202
11 137 189 188
31 74 98 187
126 22 151 109
25 139 95 247
42 17 169 107
27 19 66 209
4 189 76 207
142 100 171 242
163 144 179 152
49 4 147 123
85 108 171 236
124 15 198 60
135 217 141 232
21 23 96 101
81 132 84 145
70 25 180 83
26 193 54 195
5 155 158 200
31 70 45 216
112 144 148 196
10 72 190 81
39 59 87 232
62 106 146 249
0 174 70 192
55 61 133 242
190 61 195 237
115 74 178 130
85 24 99 138
61 162 174 165
39 146 50 217
25 4 48 142
10 31 28 167
157 8 190 124
100 126 149 234
16 67 35 92
159 117 172 120
32 154 137 221
75 150 198 225
159 131 170 175
54 122 63 248
52 31 179 111
93 53 139 70
2 126 16 218
45 83 196 207
15 148 107 183
31 122 172 131
134 79 175 150
103 83 139 165
33 14 158 162
180 117 187 148
128 140 142 194
39 150 133 216
44 28 176 128
9 116 189 187
104 10 199 23
64 131 171 178
78 164 152 187
30 46 158 86
102 172 123 218
128 105 150 234
52 14 163 117
95 54 176 200
65 39 109 86
43 142 65 154
11 64 176 225
73 11 165 183
168 98 179 112
131 77 156 190
9 1 141 188
32 53 173 144
18 157 19 171
94 19 140 125
100 76 157 213
105 52 133 135
91 18 150 140
17 5 54 98
104 33 198 190
105 135 118 244
27 5 87 156
180 89 190 212
59 136 139 237
33 60 176 71
63 3 135 86
96 27 134 65
33 78 176 130
174 200 195 218
103 82 193 161
112 102 145 231
17 69 189 210
137 140 173 161
79 172 188 219
39 38 127 129
28 120 55 148
85 62 187 115
89 106 127 142
138 58 162 87
25 61 144 220
58 14 126 234
94 76 142 144
71 87 155 115
37 67 153 161
42 9 108 91
0 15 152 30
171 58 189 157
86 15 157 148
7 139 51 242
69 116 112 217
42 150 183 219
97 34 181 230
138 33 164 195
155 193 196 196
23 85 198 128
73 56 78 71
3 50 87 87
64 27 126 136
54 32 104 189
62 91 180 180
4 209 182 219
94 122 116 140
61 161 111 244
81 115 157 224
108 78 190 152
14 187 125 209
31 2 150 24
5 7 107 34
131 69 144 108
96 160 165 193
118 105 183 116
18 89 125 212
122 110 193 126
4 3 45 62
105 44 123 190
7 88 139 131
5 79 31 134
32 43 187 47
162 90 195 175
70 56 140 136
156 46 185 66
48 37 88 244
31 7 104 60
96 19 193 180
102 159 167 177
29 17 195 146
88 21 92 161
173 29 199 199
55 116 100 200
79 61 128 142
175 94 181 99
8 52 167 72
83 78 102 125
27 85 74 200
38 7 189 224
95 30 118 34
19 74 82 110
6 97 199 239
135 51 149 207
94 52 140 176
47 45 66 156
89 90 198 204
98 18 110 59
14 47 100 80
68 154 142 224
90 140 185 162
112 25 193 130
21 182 102 241
101 98 159 138
148 87 155 223
12 69 107 91
53 207 120 228
115 172 174 201
106 15 178 160
36 39 129 204
59 133 115 186
43 237 178 239
168 7 188 83
88 84 192 221
54 99 168 126
90 22 143 133
9 112 167 239
103 205 153 246
103 60 165 177
63 156 76 158
50 205 101 220
11 42 39 172
7 14 19 236
96 194 166 241
121 119 181 186
144 61 158 75
3 135 98 240
11 35 63 160
108 194 155 199
16 97 83 238
34 3 107 4
37 27 61 28
16 24 39 190
2 96 36 246
12 13 97 106
94 92 160 121
190 14 195 192
101 80 177 166
73 94 186 225
97 0 187 101
85 93 120 154
75 105 141 118
55 130 153 237
147 101 174 236
77 88 78 175
39 44 187 75
12 104 138 144
13 127 109 162
59 81 167 240
69 25 119 75
57 122 177 195
27 127 72 232
182 85 196 230
24 65 114 107
64 125 176 181
71 18 116 62
185 35 186 58
129 57 177 183
51 178 73 232
16 62 162 90
0 82 51 101
24 82 82 182
53 6 68 235
53 53 197 136
34 37 100 194
66 29 88 177
116 2 183 93
28 10 36 235
106 152 163 226
5 138 115 144
141 14 169 148
119 86 132 154
98 35 166 216
90 116 180 181
21 114 162 131
5 68 190 171
89 44 115 162
31 149 183 238
107 3 118 246
107 166 169 182
8 7 41 186
41 72 77 93
11 32 117 50
78 78 166 78
57 22 118 71
81 15 124 23
37 56 70 157
3 68 170 69
105 123 144 187
50 46 150 77
81 77 188 118
33 60 124 61
131 74 197 227
23 97 46 243
14 131 114 131
5 20 41 27
41 0 180 85
123 39 153 215
7 11 68 51
83 101 176 157
52 5 193 150
92 132 177 184
9 74 163 244
27 136 164 147
89 32 199 175
74 94 164 181
111 32 128 62
25 72 72 170
83 52 107 82
82 59 94 126
127 41 134 209
107 94 198 141
2 29 160 106
131 44 168 49
76 212 90 247
106 140 137 197
12 89 139 138
127 115 169 149
77 188 171 203
2 175 16 197
11 13 199 140
0 64 127 173
5 139 16 184
10 181 127 247
96 18 125 147
72 26 132 174
1 51 135 123
19 143 36 193
110 166 118 237
77 136 191 193
18 53 90 203
46 200 109 221
44 18 172 26
59 156 198 225
30 116 160 176
62 27 86 226
89 13 165 158
103 52 159 225
12 17 161 249
25 105 62 181
94 94 117 186
36 47 172 63
91 36 98 118
18 70 130 164
164 94 186 125
38 4 134 157
62 149 147 181
32 17 53 173
145 163 195 223
35 3 50 115
34 157 64 212
18 36 118 174
10 155 157 162
33 21 97 88
81 35 199 239
67 4 104 157
48 127 84 146
121 104 198 235
21 50 61 82
100 63 158 164
52 7 164 230
15 24 81 178
17 187 86 233
133 54 172 87
104 96 155 192
16 26 169 171
135 215 175 248
2 34 134 141
21 76 103 98
75 49 121 232
105 37 150 58
17 11 130 184
23 112 152 193
156 83 158 166
0 33 179 49
73 26 196 208
55 49 147 152
17 149 26 195
131 62 149 230
77 214 139 234
9 125 18 228
73 96 73 198
2 6 89 87
60 119 158 233
17 62 109 68
166 98 186 149
124 0 136 19
56 65 71 214
140 60 141 198
37 49 151 82
27 71 75 242
53 151 99 215
68 38 191 212
19 87 47 123
133 54 154 244
67 119 92 151
75 15 169 168
38 91 133 248
95 170 195 228
77 35 168 137
107 4 153 108
81 95 97 235
17 206 22 233
61 70 92 213
6 23 191 73
116 27 137 91
35 165 120 233
152 213 199 235
28 85 88 165
0 151 50 174
72 117 141 225
92 64 188 135
98 23 189 168
83 90 118 127
13 117 132 122
84 79 176 125
95 187 137 223
38 31 45 137
30 56 152 94
82 83 123 230
13 168 114 170
71 158 174 239
167 50 192 69
88 85 96 92
7 31 20 173
50 11 191 106
35 172 138 244
63 69 172 234
17 6 190 15
70 110 141 248
165 53 198 124
137 33 159 235
88 21 175 55
12 61 185 189
60 72 82 152
10 82 113 167
73 114 179 238
19 192 138 213
75 144 104 232
62 22 91 177
23 177 122 231
112 180 199 211
64 85 189 133
99 158 163 174
3 22 112 122
28 241 69 247
43 79 156 187
57 108 189 165
30 23 72 62
15 27 22 30
93 47 168 178
95 94 99 185
90 110 166 220
54 11 180 56
115 114 178 209
18 31 100 146
21 53 119 101
140 189 170 249
137 141 167 237
25 4 119 193
1 39 39 134
59 30 81 222
18 81 54 202
82 161 191 193
108 218 126 249
48 42 168 178
89 94 114 139
31 133 193 139
6 67 66 126
136 21 160 214
130 226 187 237
99 5 156 64
20 147 128 248
131 167 132 198
101 40 182 218
61 7 155 104
19 95 171 166
97 83 161 228
180 163 190 249
186 155 189 189
109 30 167 55
69 74 71 116
132 72 194 201
1 103 176 225
57 191 102 235
99 90 117 119
10 169 22 198
3 66 53 87
10 248 195 249
9 112 61 219
30 49 145 113
4 147 6 148
133 112 187 205
33 119 161 146
65 66 129 183
74 122 165 247
192 206 197 216
31 67 141 242
110 162 144 170
132 32 167 175
46 17 186 106
7 27 27 231
6 180 143 245
80 125 142 193
70 111 94 125
6 74 39 236
7 39 63 100
113 101 122 141
1 153 70 173
89 199 154 248
134 181 145 188
36 14 117 235
145 99 181 113
80 128 143 179
2 11 54 117
108 55 115 231
95 86 127 186
99 87 146 174
9 40 74 197
40 139 190 236
94 119 132 233
122 148 123 239
6 145 27 169
41 125 128 146
78 127 135 150
124 28 154 167
125 98 190 170
14 55 152 234
58 27 73 207
111 3 176 170
43 157 54 194
45 195 158 205
86 27 158 186
149 76 163 187
118 15 172 147
54 58 98 106
110 34 184 202
104 65 130 87
12 53 97 63
41 59 63 64
128 19 181 177
79 92 91 194
19 162 66 209
37 34 108 88
109 35 157 145
4 5 114 206
60 106 159 134
71 17 85 31
27 120 148 133
40 158 105 228
1 77 169 93
110 107 197 210
81 133 176 247
92 160 141 167
49 161 102 205
139 142 190 212
74 143 126 194
47 11 55 100
142 107 151 137
21 201 118 202
0 48 192 241
31 14 35 102
40 119 134 172
12 64 122 112
91 15 168 27
90 87 164 201
154 190 154 234
34 145 130 224
63 143 149 147
17 22 58 45
50 47 52 113
71 29 72 218
20 130 143 134
79 56 140 166
4 167 78 188
72 36 154 235
65 2 145 161
110 78 166 247
2 170 133 181
72 76 170 164
84 30 96 82
120 72 182 85
88 194 189 196
28 208 62 230
63 112 154 156
157 1 186 245
32 180 147 219
22 215 129 226
26 144 154 246
166 36 176 88
79 142 113 209
106 55 140 153
19 14 95 111
126 35 189 147
159 28 195 38
7 111 154 242
49 159 51 208
48 6 54 94
174 15 178 186
68 155 181 215
19 106 78 144
143 159 197 237
11 10 94 118
26 91 178 171
1 149 43 242
96 52 127 77
61 90 165 189
23 70 134 165
17 151 104 211
80 20 170 217
75 113 133 247
29 131 98 135
151 1 198 57
60 118 160 165
8 20 196 242
39 36 42 80
26 85 118 175
24 99 194 163
113 67 193 165
36 124 164 172
157 58 189 121
2 183 165 210
61 13 169 125
55 191 108 244
79 8 133 23
95 125 193 158
88 128 185 208
83 177 109 203
16 25 48 170
54 66 152 167
13 6 176 53
33 52 125 153
143 54 167 215
13 26 86 211
5 128 184 177
95 53 96 64
49 122 154 224
46 60 131 247
64 67 199 133
15 75 136 164
78 121 136 204
111 18 180 197
125 224 190 235
66 36 135 51
61 41 146 217
182 37 192 185
140 56 170 199
22 95 179 187
95 190 103 243
34 11 80 52
55 5 56 192
8 143 32 146
93 137 123 242
167 100 197 188
9 4 119 166
66 74 150 192
98 67 165 134
30 10 170 189
156 7 188 92
78 127 80 142
9 69 72 76
143 165 173 173
55 35 176 120
3 14 44 56
91 150 101 218
6 62 170 223
94 67 150 236
50 6 160 63
14 11 152 70
81 20 170 87
57 1 98 133
0 26 33 118
15 165 135 211
136 67 199 168
62 155 140 229
143 192 147 235
83 74 113 106
78 31 122 89
37 42 44 190
43 41 57 246
9 43 149 97
55 0 147 201
15 80 22 163
3 17 47 18
130 13 184 146
105 123 196 226
126 49 169 52
14 227 19 240
51 80 89 240
70 94 96 248
1 11 165 187
75 54 84 156
160 138 198 217
47 86 87 146
25 121 127 161
18 16 139 84
77 6 182 131
78 180 144 230
98 214 180 226
33 43 49 45
21 2 111 30
56 150 67 216
13 195 91 243
70 64 108 221
54 13 75 107
59 56 78 226
146 117 183 212
43 18 104 121
122 12 133 32
30 21 131 182
81 232 184 237
68 157 68 204
167 16 178 129
128 36 130 75
23 1 105 12
9 0 159 68
32 86 182 148
22 69 45 112
2 55 157 150
154 86 180 97
39 68 161 141
47 19 112 25
69 92 161 121
22 1 91 173
119 151 182 219
40 43 158 225
108 30 193 207
24 2 189 156
109 108 149 115
103 30 124 227
59 136 174 202
0 6 0 209
16 51 192 87
0 119 162 182
68 49 71 148
20 31 176 172
45 25 163 102
34 19 126 117
10 81 88 87
71 85 80 239
9 53 62 242
9 97 142 194
44 134 94 246
24 34 74 152
78 15 86 32
155 73 164 175
24 92 127 120
36 132 149 211
78 57 135 61
84 60 192 182
80 138 103 224
102 46 115 201
114 30 178 209
41 62 78 163
34 49 72 135
27 73 180 226
47 184 195 188
146 17 176 188
107 52 196 76
171 118 191 125
67 37 149 68
24 150 101 180
56 95 63 196
99 129 196 231
32 6 154 67
90 63 172 108
44 155 136 156
62 10 142 193
16 39 134 247
119 73 160 176
15 42 105 134
55 0 178 165
51 152 181 209
35 5 88 63
31 152 59 246
149 15 190 228
31 110 63 236
96 148 170 182
34 2 85 72
45 24 138 66
25 58 121 153
6 105 121 145
18 13 62 153
77 174 134 205
44 4 176 82
1 29 118 31
8 77 137 93
177 12 198 57
43 80 142 118
27 177 95 207
180 71 192 107
117 53 150 87
22 77 121 154
87 137 126 165
163 15 199 232
11 186 99 244
15 34 113 130
109 127 143 156
45 26 143 29
44 55 53 205
66 70 88 211
137 32 176 140
105 62 173 178
94 105 196 217
2 74 24 104
2 165 108 171
27 3 116 182
33 119 158 139
56 28 186 166
29 110 112 196
16 9 25 86
5 51 35 110
116 190 116 242
2 59 142 59
19 75 82 78
77 24 86 177
11 23 103 43
69 125 119 240
83 48 193 198
117 40 196 87
58 192 161 220
81 126 197 208
8 90 180 239
41 135 111 222
109 118 129 231
4 52 73 122
68 42 79 238
52 11 74 53
118 191 165 202
26 198 149 232
37 190 194 232
43 31 59 137
63 86 176 121
5 20 90 175
20 16 34 241
107 2 128 206
81 27 184 116
47 5 105 126
0 29 19 145
89 136 167 227
159 77 165 93
12 172 81 218
151 135 184 217
63 6 64 160
106 73 131 191
104 81 176 192
124 74 133 134
47 57 63 238
89 121 120 166
85 139 95 204
133 134 157 159
61 6 193 246
23 77 72 81
117 129 179 148
27 6 34 17
51 43 197 84
134 156 189 226
46 32 183 184
99 55 178 135
33 134 114 190
130 116 179 226
175 187 190 187
58 209 105 243
62 78 144 149
61 8 143 113
18 79 190 197
84 119 147 160
124 81 187 135
83 79 98 93
7 156 194 222
21 18 95 53
29 191 70 228
48 185 108 246
168 79 192 96
171 28 181 201
80 14 179 222
20 110 161 207
83 109 142 136
24 135 159 218
104 146 196 228
35 204 157 207
161 67 168 200
29 52 85 180
2 83 131 129
100 187 158 191
14 79 58 143
102 226 187 240
66 36 136 130
3 125 85 238
108 128 163 235
49 8 52 75
103 134 187 178
123 160 144 246
7 132 49 163
76 99 164 242
88 84 199 249
40 70 85 158
53 64 134 155
113 0 191 75
99 78 101 92
1 60 68 75
6 223 132 235
78 71 120 199
77 44 141 58
92 45 131 191
16 229 198 242
160 14 179 126
1 132 164 167
21 58 141 62
99 151 153 249
13 19 182 184
4 74 32 182
114 79 178 119
27 63 43 171
96 21 149 170
46 35 146 164
19 46 101 109
2 183 97 242
86 126 191 231
21 82 61 124
85 56 124 131
65 206 155 218
158 53 198 170
75 104 148 132
49 82 91 177
116 121 144 217
102 4 139 15
4 72 79 231
40 195 148 233
7 178 132 241
14 60 106 157
100 15 110 180
19 24 187 61
5 41 73 119
155 64 190 141
47 82 60 220
89 32 194 51
123 124 189 196
25 30 29 140
30 166 85 206
72 135 74 233
83 162 136 177
109 71 187 248
29 29 65 127
34 1 48 196
109 161 118 196
70 59 91 64
54 80 156 245
50 41 52 154
108 8 140 207
85 168 110 181
101 31 187 231
37 34 87 143
43 102 192 247
91 33 161 178
51 165 115 210
108 117 140 210
59 49 135 157
1 20 52 83
134 46 139 76
40 221 123 227
142 51 146 249
45 74 76 136
31 57 143 99
28 41 127 119
60 83 150 128
28 223 54 230
34 38 95 138
155 151 187 191
7 20 130 249
4 10 196 57
56 105 189 205
56 30 138 146
136 64 153 237
5 124 36 173
74 144 194 179
121 177 135 246
15 1 96 128
59 45 150 78
128 81 130 223
112 186 170 213
155 4 195 14
42 128 158 133
138 51 161 110
96 121 177 146
141 139 172 167
86 20 199 209
43 54 104 129
158 120 164 234
108 26 190 39
89 209 172 244
0 151 64 221
71 40 130 162
19 62 136 200
44 24 76 59
114 28 119 38
93 44 190 135
106 117 167 123
23 2 155 103
27 9 96 176
12 164 61 235
127 180 140 205
76 15 131 166
25 41 131 113
25 8 62 42
4 58 130 180
14 46 62 239
107 154 130 202
52 1 98 69
52 30 139 176
107 152 168 184
66 82 87 193
83 174 160 225
5 16 85 42
14 33 55 62
148 30 167 115
87 42 170 134
41 205 159 219
73 4 134 173
38 149 40 157
9 174 70 226
50 111 81 180
82 115 117 244
105 9 141 127
165 19 168 206
111 0 132 149
95 28 111 38
7 20 81 74
80 76 100 90
88 58 184 164
128 152 153 231
86 22 170 43
39 64 61 76
93 87 96 217
64 117 118 191
7 56 66 244
52 101 94 160
157 42 188 225
30 17 110 58
12 11 131 35
4 56 84 231
8 113 124 154
61 128 172 193
56 43 60 173
9 175 99 176
192 96 198 201
23 148 184 226
33 208 34 242
119 37 176 227
13 152 44 175
52 71 123 198
88 5 143 40
20 36 118 96
144 178 175 228
48 95 147 200
51 33 102 146
171 115 199 142
68 145 179 249
53 64 164 110
12 40 54 151
3 174 171 183
113 21 161 55
144 72 181 209
123 115 131 151
92 1 163 95
61 82 142 182
22 55 116 162
107 0 159 176
74 31 86 151
11 79 75 217
6 27 135 46
8 156 146 158
75 21 172 49
127 114 153 204
58 20 73 131
73 36 113 64
10 25 166 116
31 97 151 172
52 31 77 230
23 14 185 38
91 53 175 165
44 179 103 185
39 33 159 231
126 56 190 167
116 128 165 197
27 209 109 236
139 173 171 229
150 44 192 96
59 21 190 200
68 201 106 225
47 31 106 132
79 24 143 29
58 70 153 216
4 44 12 165
127 83 162 96
101 99 120 102
28 103 140 237
26 34 113 102
106 141 160 246
91 237 162 245
106 35 174 228
61 39 133 196
83 133 160 201
2 199 2 213
45 125 53 238
49 9 94 163
131 129 167 192
57 102 106 242
1 36 10 167
5 66 83 233
97 198 137 243
94 48 162 200
37 77 193 153
47 74 71 203
128 180 196 208
92 5 156 80
129 40 169 55
122 43 180 202
29 24 189 214
29 79 40 147
34 54 146 76
24 47 58 66
149 16 181 209
124 73 175 173
9 113 181 247
67 5 82 125
58 64 193 143
153 138 177 169
61 183 135 185
157 142 158 223
61 205 177 213
2 2 141 245
85 140 152 169
104 0 165 84
131 91 149 242
98 231 111 247
67 100 88 211
23 11 35 178
47 137 185 140
121 89 157 141
18 44 45 105
34 31 146 145
92 2 104 63
11 54 144 218
133 133 162 243
12 77 37 198
31 94 150 161
140 77 179 81
90 93 164 107
63 22 88 227
93 51 164 182
43 110 88 192
123 49 189 63
107 91 145 199
104 206 127 214
41 132 117 162
73 171 109 249
103 23 136 33
37 133 68 193
74 61 96 91
3 51 113 75
59 10 137 119
139 25 193 98
38 43 70 120
88 0 103 224
14 173 64 176
149 107 158 127
64 20 72 246
151 41 154 176
1 172 130 238
72 64 81 112
41 122 178 223
28 10 143 242
94 82 99 138
164 38 193 247
35 27 151 134
135 86 196 128
156 83 186 139
25 16 97 78
82 134 93 221
48 162 92 198
132 4 184 54
22 135 109 245
69 197 176 241
56 213 192 226
91 1 118 120
37 76 45 173
154 56 199 230
49 18 161 185
25 171 171 191
109 128 115 161
130 71 179 200
41 233 56 246
5 162 99 249
119 116 196 238
9 207 159 212
136 4 174 30
44 133 112 186
31 43 168 173
74 112 186 230
37 90 85 135
72 129 168 241
58 128 192 190
82 82 121 87
13 113 60 145
27 67 79 204
87 132 105 206
151 83 191 87
56 19 102 76
95 60 166 160
6 181 135 189
84 140 176 235
37 13 128 86
105 56 185 194
59 67 115 166
86 10 160 135
85 94 174 190
4 0 35 218
33 181 190 240
24 12 188 202
62 5 126 15
14 82 196 172
123 221 147 235
32 36 100 150
62 60 117 111
169 56 180 77
162 30 191 108
12 92 121 181
135 7 169 129
46 91 171 164
8 48 132 117
25 84 126 247
8 142 62 161
106 131 181 152
108 43 159 125
47 106 90 146
17 91 199 105
12 101 23 192
63 107 87 213
21 46 79 210
102 17 136 225
76 6 167 62
70 85 153 147
62 67 71 81
49 171 169 234
62 146 93 199
158 28 189 201
20 66 59 102
49 19 135 176
73 36 189 179
0 109 65 173
16 27 184 215
7 84 47 186
140 13 161 203
22 130 74 239
63 29 117 189
88 4 177 207
48 40 148 152
81 139 111 218
12 129 30 185
13 14 173 120
145 22 184 125
113 136 132 137
78 142 193 151
3 80 173 135
4 108 191 113
114 19 189 137
6 164 187 230
31 132 136 224
38 84 64 246
56 73 76 204
113 142 180 219
14 50 143 67
39 103 101 132
112 140 159 171
3 10 36 215
17 27 150 114
76 106 188 133
87 28 197 109
61 82 112 225
4 34 132 86
47 29 155 30
62 75 162 114
5 141 5 181
6 89 14 248
55 21 177 187
40 38 197 63
155 45 165 106
62 181 129 187
38 87 62 231
148 122 199 212
16 218 21 242
147 85 167 205
20 44 50 163
83 47 143 126
173 52 198 248
141 127 144 188
175 61 191 143
105 43 126 125
50 67 53 193
17 164 146 201
85 235 169 241
20 5 32 13
27 4 177 129
124 75 192 102
160 81 178 119
157 89 157 179
44 22 66 33
45 91 60 162
160 13 168 233
30 14 195 145
2 94 149 209
9 7 163 225
13 101 88 177
82 41 184 50
46 120 92 145
91 12 167 173
92 81 163 118
42 122 188 231
123 172 124 184
100 172 155 227
53 78 101 89
86 30 131 175
75 38 85 65
136 89 181 146
1 103 7 185
77 100 170 222
130 30 174 62
47 166 198 246
51 96 59 115
43 115 129 174
43 27 76 67
6 184 158 213
138 114 158 136
18 110 157 189
64 18 166 49
43 142 109 166
67 90 100 143
149 144 171 161
66 168 75 203
21 177 75 207
99 66 127 170
45 94 109 142
109 75 145 191
38 85 79 141
93 16 122 67
14 109 160 240
65 136 143 236
131 23 137 78
105 19 177 44
20 59 64 99
21 6 43 130
115 94 151 234
137 96 151 154
53 104 84 178
34 182 122 210
39 12 198 196
126 91 157 117
63 39 67 231
53 139 82 190
118 127 148 143
86 110 183 180
106 6 120 108
85 23 106 237
100 102 139 146
32 12 53 163
137 30 152 105
60 97 129 225
117 3 193 5
57 121 92 168
21 12 127 52
123 58 187 169
58 3 68 227
123 125 153 195
4 56 59 233
82 32 116 195
153 92 175 217
64 48 137 218
97 198 190 228
119 119 196 246
91 132 138 218
59 178 63 194
25 22 126 173
5 2 127 2
13 16 42 98
13 139 34 196
47 136 113 137
108 77 124 228
65 19 134 144
44 151 189 171
75 36 166 181
176 120 190 156
112 108 118 214
49 83 178 231
80 125 129 131
27 42 123 71
33 3 95 17
67 57 83 60
92 160 92 163
109 44 173 127
5 133 160 183
49 206 60 218
21 2 40 54
114 24 136 61
88 33 163 237
155 125 167 185
71 92 148 179
172 55 178 169
161 71 199 144
0 107 129 234
144 92 177 102
3 63 117 89
25 5 62 163
70 88 94 213
32 154 151 193
48 56 84 98
8 35 26 157
58 54 92 194
16 37 17 73
6 67 150 206
41 27 72 141
41 87 190 181
61 114 176 193
91 155 121 244
22 82 163 220
64 112 71 212
48 226 90 238
1 189 114 215
126 166 132 247
91 48 187 206
121 0 194 91
146 118 156 172
63 17 78 148
35 94 120 161
53 175 193 232
119 2 151 102
47 72 155 225
52 8 75 156
29 49 192 72
72 67 150 209
14 207 91 228
160 116 196 146
50 48 146 135
61 44 123 232
82 86 125 149
41 144 68 249
54 123 122 186
134 51 172 232
72 11 137 215
8 111 32 189
53 21 97 54
169 150 184 230
29 58 131 74
115 27 194 74
24 89 158 101
16 126 63 242
30 110 158 189
80 88 114 242
19 156 112 188
20 15 144 136
133 96 181 204
45 105 162 217
30 43 127 129
50 27 117 216
121 44 123 201
22 89 100 226
88 50 103 142
46 106 55 126
2 13 4 125
51 45 103 145
149 121 187 193
41 7 96 178
3 72 8 198
91 140 172 154
25 13 152 187
46 100 128 150
21 9 182 158
121 58 142 166
11 141 12 207
10 131 65 224
57 60 188 149
88 0 132 242
64 68 159 228
66 1 182 94
108 99 110 165
145 102 172 173
62 47 147 232
19 81 68 206
131 149 164 161
19 100 31 185
5 113 114 159
4 29 131 159
107 62 169 239
30 80 77 234
71 55 185 89
25 135 70 177
27 182 184 221
136 22 188 166
90 161 180 246
35 51 61 207
47 140 164 230
5 51 45 115
29 158 49 209
154 102 170 192
30 5 95 13
9 107 144 187
41 22 97 114
64 10 113 18
18 110 73 134
26 65 180 198
12 172 167 235
26 3 168 44
116 102 170 164
56 57 131 129
4 100 161 112
28 2 191 183
21 20 154 244
82 175 111 230
24 5 181 244
57 41 134 101
115 65 166 193
47 57 176 139
52 139 110 151
48 29 98 84
19 81 188 102
63 103 176 108
7 4 123 77
87 3 161 116
101 231 107 238
88 39 132 77
62 6 159 115
63 69 170 109
62 1 103 213
42 155 167 238
2 111 76 242
146 9 162 96
48 0 181 90
92 97 177 134
57 22 185 118
7 93 78 124
14 71 194 133
31 124 68 216
2 0 184 178
34 35 166 55
46 218 167 241
46 10 144 42
131 74 154 208
147 17 158 130
37 177 88 204
39 38 186 218
89 11 143 181
63 80 86 154
0 13 112 26
20 76 53 103
179 5 185 48
20 123 125 167
80 71 190 163
9 170 82 248
93 69 165 83
181 8 185 54
8 23 46 184
65 44 127 143
21 79 107 80
33 39 60 166
41 78 153 194
99 62 158 186
11 40 195 90
22 227 95 229
104 246 190 249
29 48 163 165
65 122 133 180
11 88 68 162
7 104 45 144
96 18 194 72
60 18 70 225
141 84 143 95
70 29 120 100
100 41 168 80
34 167 96 181
153 90 166 135
71 107 145 176
141 81 187 94
26 159 199 222
59 52 93 202
56 79 185 125
164 40 199 141
143 25 199 234
99 47 166 226
26 6 49 163
68 113 166 216
83 53 198 97
2 79 85 200
87 33 106 187
75 146 108 173
26 56 143 211
15 132 143 217
18 56 133 153
37 25 179 143
25 108 132 157
118 31 126 52
190 5 190 84
43 39 153 120
133 54 193 109
123 5 130 145
167 193 195 203
84 94 140 153
72 54 93 221
33 10 82 27
81 160 102 232
103 114 116 169
74 50 140 202
109 120 123 121
14 130 64 164
86 182 168 213
67 39 115 40
9 69 165 244
50 117 165 174
122 94 197 237
48 198 94 213
8 153 67 214
31 21 94 130
131 145 160 205
45 58 128 188
84 37 184 46
14 163 68 188
59 141 192 236
51 7 130 19
97 109 158 220
172 141 177 223
73 54 115 182
65 8 140 179
84 85 88 139
92 11 183 74
21 48 52 127
105 193 162 219
50 27 63 151
119 33 169 231
3 193 35 218
135 76 156 131
1 149 150 201
93 4 185 57
73 5 170 184
88 63 90 171
136 81 159 200
5 120 114 219
118 135 148 189
1 12 190 44
25 144 75 173
32 216 161 243
110 140 134 239
121 59 181 234
19 71 120 215
87 161 191 212
121 26 169 230
35 6 49 201
89 2 148 13
47 1 189 238
85 18 169 69
66 134 88 226
21 85 22 236
45 101 50 111
32 35 118 39
137 48 188 168
71 19 144 241
88 145 95 214
136 152 173 176
35 104 76 242
102 79 137 244
79 21 182 57
7 4 137 231
20 62 126 135
19 117 91 186
90 90 155 100
48 130 67 235
50 17 180 35
143 31 185 116
118 172 175 246
7 5 56 128
101 42 180 187
48 12 84 25
90 16 192 238
3 9 194 205
15 32 27 165
114 103 161 125
86 80 136 109
63 59 99 211
130 136 191 194
169 47 177 200
64 8 78 225
94 71 166 156
33 166 129 168
105 52 119 124
43 185 46 218
2 50 107 209
176 156 192 160
97 152 135 189
46 81 57 196
53 132 57 149
56 170 89 175
138 51 159 159
31 103 45 202
35 165 116 205
6 111 132 174
10 101 118 113
72 109 174 153
137 138 152 159
150 35 179 57
174 44 193 168
49 89 71 103
81 55 86 117
135 99 183 174
30 58 41 148
56 75 131 172
6 62 36 110
74 14 121 176
69 137 91 193
61 23 107 163
60 4 192 56
153 145 180 187
42 173 169 173
62 71 180 143
192 142 198 235
79 62 128 140
190 19 197 60
111 55 143 79
97 125 152 161
53 111 158 187
17 43 185 178
75 53 194 153
35 154 100 168
38 158 92 193
96 180 157 231
59 58 86 105
81 72 157 160
67 32 97 161
22 52 71 61
45 208 51 239
53 4 177 179
87 124 177 137
71 32 92 232
7 79 126 129
1 129 146 216
1 6 81 54
53 201 193 235
97 13 141 112
37 41 142 162
151 0 182 190
13 211 16 211
107 147 168 216
101 16 165 18
40 219 105 249
72 43 195 89
74 201 130 205
150 67 158 93
2 59 6 209
41 41 71 173
14 42 16 211
99 67 141 224
24 31 91 180
107 73 131 95
79 23 131 144
104 50 146 187
93 75 157 217
61 117 106 149
47 70 52 134
54 27 88 164
79 52 161 222
85 109 141 110
128 63 138 150
19 59 152 106
17 131 78 181
82 85 167 189
6 183 19 224
37 117 139 237
110 85 129 134
124 83 160 204
29 48 50 179
72 62 158 109
130 110 176 232
24 165 121 215
92 130 169 137
13 177 16 197
30 127 149 180
66 18 181 203
48 180 110 220
194 66 196 86
6 136 191 207
38 56 120 74
45 88 72 148
0 107 103 155
51 8 110 130
83 3 199 28
21 158 151 175
138 92 153 102
16 93 158 230
38 53 153 232
155 10 184 210
61 67 116 103
181 154 196 245
173 68 186 126
7 202 44 234
82 35 110 63
38 118 80 119
6 111 31 194
6 80 126 195
70 50 93 236
184 127 199 171
23 47 151 181
21 185 58 224
170 16 189 94
103 18 106 158
146 88 149 216
97 18 142 85
6 143 188 177
153 84 179 241
161 97 172 226
50 129 75 248
59 123 109 199
54 126 158 183
6 25 96 211
49 137 71 140
37 57 77 84
29 8 50 64
49 153 94 169
113 90 192 245
139 53 159 180
54 192 156 246
21 32 69 162
180 110 183 139
101 154 120 231
163 15 189 87
80 54 94 174
31 104 125 153
17 130 171 209
51 101 171 190
35 146 92 236
39 57 143 119
15 17 45 51
59 0 104 164
129 84 141 114
35 203 136 215
8 157 85 178
45 133 91 167
6 24 32 27
1 51 8 202
106 14 165 197
44 43 83 109
85 120 123 205
31 36 194 228
188 48 190 125
62 78 180 80
118 67 142 165
10 94 13 218
131 25 180 132
39 228 129 240
6 20 153 106
11 173 69 212
36 161 129 164
66 28 143 165
14 108 25 141
65 141 87 191
93 52 113 158
77 142 125 172
45 37 106 249
144 28 157 80
32 97 164 201
58 214 173 219
57 15 185 36
136 5 193 46
0 163 131 217
88 38 135 142
158 138 198 172
145 80 146 142
22 142 121 205
162 45 163 79
143 100 180 124
1 43 142 110
183 23 191 157
132 12 198 95
98 73 192 137
3 194 69 209
34 50 109 206
59 199 119 214
62 128 105 165
124 164 168 199
68 49 84 228
7 102 108 180
30 224 197 234
21 75 179 248
60 17 165 67
12 96 102 166
98 85 165 196
71 104 180 241
145 169 155 218
98 98 168 118
71 67 131 153
181 134 197 191
139 72 164 137
110 20 198 137
26 67 69 92
7 3 75 190
34 23 43 111
1 93 56 234
23 83 129 177
6 120 158 126
95 12 199 210
143 93 199 220
7 68 92 200
108 74 139 235
33 92 158 206
49 220 183 238
27 92 61 130
20 184 89 217
163 28 189 241
27 16 105 74
9 193 70 224
137 6 185 161
1 16 84 233
27 204 170 205
43 151 141 248
106 45 179 60
58 50 123 148
80 75 97 85
70 21 119 183
86 146 122 168
19 143 66 159
40 130 104 218
98 71 143 162
84 43 89 176
46 67 63 165
126 48 131 138
84 217 154 225
145 76 155 144
122 66 162 194
169 73 191 248
87 24 198 230
24 112 64 206
28 49 137 226
20 47 81 81
148 170 176 219
58 4 115 140
92 126 163 179
35 22 129 72
111 221 179 232
71 124 157 203
53 77 136 240
106 149 151 208
27 108 76 238
104 70 109 221
26 169 139 189
74 91 134 203
117 105 156 178
128 162 182 207
65 65 125 124
16 119 145 148
91 2 112 12
72 2 110 234
36 50 55 238
104 74 197 103
129 2 167 186
149 19 199 26
34 30 104 249
52 166 77 242
33 103 94 190
26 165 142 185
4 38 111 223
127 26 183 168
4 136 93 168
36 10 148 104
55 46 107 200
163 109 185 127
51 59 189 160
12 52 151 246
7 62 17 166
77 94 137 217
108 16 120 248
84 31 90 243
31 183 128 211
131 126 138 211
0 43 180 236
51 70 166 221
29 77 179 165
7 122 48 183
13 78 147 168
58 3 158 86
72 147 81 238
36 169 137 232
9 163 162 189
21 70 65 175
52 85 185 169
42 9 170 104
78 37 178 46
73 59 90 100
8 31 26 54
74 136 89 196
24 13 70 206
81 82 154 168
15 2 20 25
17 90 80 164
118 45 165 214
19 62 42 204
17 30 107 205
21 113 151 114
104 136 191 168
48 121 198 167
88 107 154 199
183 26 196 133
79 117 91 199
144 100 188 209
45 46 96 46
29 200 34 240
184 130 188 242
63 28 189 230
105 41 171 50
49 31 55 100
55 13 190 145
148 100 149 116
28 118 40 192
108 23 152 55
143 161 174 209
22 24 155 205
55 107 187 164
41 45 111 157
6 123 90 245
63 127 160 158
126 86 172 177
121 110 184 220
31 141 103 240
19 59 109 141
74 0 153 152
161 135 175 192
10 88 165 195
109 78 191 200
118 62 154 95
135 145 149 149
31 183 69 232
169 93 191 163
13 5 55 221
80 33 109 40
118 56 162 221
10 23 155 186
151 6 197 70
81 16 176 229
29 206 194 227
57 35 161 185
148 82 162 82
134 16 163 248
36 54 172 218
64 57 181 197
104 42 183 103
47 199 175 222
12 138 191 226
95 209 114 228
46 55 165 149
122 39 152 95
0 73 60 205
165 31 184 191
25 8 138 23
153 38 184 80
107 50 171 85
35 205 126 235
18 139 170 223
31 119 136 219
32 117 33 195
126 104 168 197
69 144 163 145
59 110 157 162
69 46 171 158
7 48 177 126
18 142 160 203
20 68 157 161
72 138 189 193
2 215 122 230
96 156 147 245
3 114 130 192
47 154 53 155
93 134 104 232
50 124 169 134
7 102 60 161
68 28 76 164
65 66 189 160
77 224 171 236
55 99 120 145
4 11 56 183
85 93 150 200
59 157 107 204
22 47 35 131
14 217 66 218
115 213 164 242
86 16 106 57
59 69 84 92
125 25 129 110
138 28 158 216
88 82 184 245
134 91 165 176
63 68 64 112
170 40 175 218
94 26 176 111
109 7 136 18
95 42 99 182
159 130 165 229
48 56 103 133
50 57 150 150
12 32 25 210
77 166 192 210
112 97 173 184
27 11 128 181
17 141 102 231
24 136 130 230
71 5 167 71
5 159 65 241
57 40 64 160
125 140 185 166
19 15 72 227
43 56 81 186
60 51 187 92
99 77 127 149
143 162 150 215
60 140 124 158
120 150 128 184
13 87 156 165
44 12 97 216
41 155 144 238
49 103 154 191
4 114 101 120
20 137 139 245
134 147 141 230
126 5 134 148
124 106 196 206
8 34 13 175
39 171 78 231
113 5 189 179
175 134 198 163
134 86 159 105
36 15 147 190
121 1 198 83
62 143 130 226
58 58 66 186
18 39 158 124
0 57 93 231
56 114 165 125
115 56 169 85
72 177 141 226
47 101 49 240
36 66 43 111
51 73 125 121
1 188 100 240
15 98 62 121
118 46 187 220
116 74 143 129
80 148 150 193
14 103 179 243
13 162 26 179
31 58 127 105
67 168 110 190
85 196 167 245
123 106 161 183
5 134 32 216
116 148 174 239
45 66 70 67
165 115 185 164
168 110 169 125
28 0 174 114
26 123 48 131
31 52 46 171
7 45 164 205
65 58 148 205
2 131 16 197
45 84 146 137
76 55 120 231
60 112 61 181
10 31 132 246
73 29 157 169
67 242 155 247
151 2 158 138
25 76 47 81
114 65 149 233
20 136 166 228
51 22 102 134
127 170 131 245
56 35 181 166
43 80 126 90
26 86 45 196
26 97 126 151
75 85 101 120
119 19 193 31
127 33 140 58
13 92 38 194
96 3 151 94
84 90 149 130
15 190 74 246
27 76 136 121
26 21 180 76
58 130 82 238
157 165 176 234
49 46 149 143
38 134 146 218
165 106 186 168
65 193 121 229
48 210 182 220
25 61 111 236
6 26 22 171
62 70 153 237
6 39 43 56
74 16 182 74
12 81 147 195
59 87 197 238
144 2 155 79
23 114 44 176
48 46 105 151
44 33 100 225
182 109 190 125
104 107 199 135
72 101 177 166
15 19 83 202
32 100 184 209
59 103 89 156
160 110 169 224
80 106 102 148
37 55 137 69
82 50 120 133
67 3 70 147
56 59 183 68
64 88 95 174
85 11 119 216
33 138 167 249
136 57 146 134
52 84 94 145
67 143 114 216
13 89 36 108
79 159 136 242
57 117 196 242
27 138 82 235
124 53 132 78
2 148 145 175
125 37 169 229
44 162 168 177
39 65 184 146
46 66 141 199
44 77 196 147
163 197 189 228
110 56 134 208
145 74 160 205
15 120 70 178
141 33 174 110
65 89 193 108
133 163 199 194
136 41 191 227
26 137 119 182
34 47 127 48
31 86 51 223
85 87 105 134
59 75 60 128
155 46 175 239
52 72 146 209
22 56 88 153
50 176 62 212
147 18 173 220
18 9 67 147
66 71 72 133
35 0 179 4
41 180 139 214
55 53 108 137
7 150 62 179
107 39 133 216
57 0 179 233
21 161 135 214
83 92 152 214
21 28 119 142
106 18 130 126
48 150 82 246
20 31 116 221
60 72 132 179
129 138 177 204
9 165 135 170
35 3 68 147
41 19 56 189
20 164 168 166
57 111 153 121
71 36 163 125
69 22 151 215
23 34 171 223
76 40 121 141
47 131 126 165
30 116 39 202
25 148 192 221
10 158 56 235
70 41 122 65
11 129 162 174
73 27 91 62
168 164 198 191
7 20 155 140
22 109 29 114
23 31 111 148
2 30 129 100
69 203 151 244
107 53 162 127
106 23 155 48
45 55 121 79
51 89 151 146
84 246 129 248
62 134 183 183
135 189 179 200
8 41 15 85
126 108 170 117
120 132 178 155
32 72 126 199
73 35 115 158
63 26 148 159
163 135 174 234
49 200 152 235
138 127 146 212
54 196 187 210
24 52 50 65
175 70 180 217
29 158 128 204
57 177 154 214
100 134 102 213
11 173 42 203
72 14 185 248
24 127 127 180
58 26 168 226
112 103 149 204
149 126 195 218
90 163 124 187
78 204 190 215
85 112 126 186
7 46 166 215
10 39 131 45
137 139 174 176
37 177 140 220
113 99 171 104
126 6 197 18
156 35 178 196
22 110 157 131
33 131 160 242
14 127 18 143
6 130 183 186
138 108 178 194
56 150 130 218
4 93 93 107
65 54 134 117
148 31 150 83
121 22 165 127
34 185 131 208
49 27 51 125
67 17 127 168
148 174 182 232
60 205 179 244
24 14 144 137
18 71 94 96
82 108 145 223
139 99 149 106
25 29 63 30
46 176 172 216
131 63 184 123
67 109 136 248
66 64 136 114
83 50 138 140
67 12 158 84
13 163 65 167
157 29 169 200
35 85 89 156
5 32 147 40
146 40 152 171
124 180 124 236
72 124 98 239
26 143 197 143
31 61 38 147
36 140 144 145
139 143 182 188
47 40 82 233
82 66 127 104
61 149 95 216
31 16 68 35
79 6 141 233
27 107 148 109
169 36 186 204
14 119 161 135
31 33 167 107
78 17 163 225
46 19 195 45
139 33 161 46
142 69 176 79
49 149 71 209
108 24 193 92
4 131 64 168
146 74 192 192
43 152 193 204
96 36 115 121
21 17 192 216
85 5 93 148
73 25 101 185
63 116 66 191
83 38 145 135
17 93 44 97
40 27 111 208
71 153 100 196
32 183 134 211
173 103 195 221
54 43 143 145
86 67 148 159
110 77 146 200
26 68 144 182
86 180 188 211
135 227 162 228
49 183 80 239
71 63 94 176
26 120 27 168
38 100 161 221
67 117 147 172
44 181 83 217
45 58 59 196
165 77 174 182
172 33 176 37
115 225 146 249
120 42 134 224
88 0 193 99
88 3 192 91
7 148 62 158
81 77 160 246
82 176 106 213
28 28 167 192
43 5 57 153
74 81 190 102
61 23 156 153
63 39 178 131
18 95 59 198
81 180 180 195
117 116 156 193
89 61 163 69
67 2 145 156
41 99 45 206
159 1 163 106
54 114 97 151
8 47 76 176
38 36 113 129
74 104 154 107
138 207 161 222
10 69 118 137
42 161 164 197
54 69 87 178
101 81 128 135
28 213 92 217
91 4 94 244
57 52 169 57
29 62 194 136
110 83 138 181
150 87 165 190
23 96 28 203
40 96 132 115
84 100 197 142
11 92 139 230
13 113 70 192
23 95 172 210
8 136 11 195
67 117 199 208
47 79 69 187
46 146 125 247
11 19 195 88
100 227 132 237
78 46 186 89
23 147 119 206
73 104 181 242
58 17 127 38
25 132 183 213
61 78 88 248
23 64 82 107
67 92 172 156
32 203 110 249
98 98 114 135
11 128 67 209
25 12 155 209
111 34 142 176
85 141 168 232
60 137 160 157
65 61 140 224
87 225 164 242
35 83 80 149
114 225 165 241
48 62 90 232
73 54 147 200
87 65 165 209
52 144 198 231
26 211 92 241
36 161 54 184
95 195 171 223
24 204 170 216
137 91 148 179
88 38 129 109
81 73 141 225
152 34 188 153
62 202 102 210
15 170 101 191
71 126 111 160
24 31 109 43
57 7 141 19
112 6 184 72
23 109 156 139
30 20 107 53
18 4 139 71
94 89 124 185
49 91 163 192
79 77 99 142
141 66 177 141
7 83 116 107
62 35 191 189
74 65 74 78
124 81 174 152
105 221 152 245
101 29 192 80
91 217 118 247
87 91 118 165
155 171 192 232
47 94 146 103
1 155 50 234
61 53 120 172
37 46 101 246
13 45 176 159
28 102 123 248
44 53 141 246
0 58 133 242
4 113 25 124
78 38 159 242
113 3 125 62
23 36 37 228
5 9 176 248
20 19 62 152
5 152 187 239
62 89 106 165
25 129 143 247
153 88 160 207
64 27 162 145
28 124 104 135
52 145 62 225
133 29 136 157
4 85 66 195
55 5 84 163
57 212 58 214
53 35 78 79
117 155 177 214
77 105 126 222
66 4 148 39
71 69 72 235
116 153 120 235
20 105 121 122
62 79 145 180
18 44 114 191
64 187 156 223
192 70 199 151
79 76 193 177
194 218 196 222
3 2 92 104
81 166 141 219
52 12 170 154
91 39 167 119
80 59 131 218
11 66 198 129
48 152 79 229
39 190 145 190
69 146 159 214
144 105 180 247
31 150 185 243
146 12 162 155
30 60 57 177
88 109 133 151
111 19 178 42
0 184 12 243
21 161 80 186
3 4 182 147
79 34 187 184
143 29 181 198
114 25 120 249
104 13 122 61
53 44 151 139
89 3 108 159
59 26 169 162
81 174 155 187
71 96 108 171
98 13 150 46
93 40 129 73
14 113 59 198
98 65 139 212
49 85 147 111
8 136 71 218
10 8 96 234
135 92 183 248
25 72 189 161
80 3 176 16
67 40 160 117
108 79 173 121
39 202 192 214
19 131 167 132
96 26 103 101
38 161 92 172
11 117 117 171
64 2 190 229
128 21 178 47
144 42 168 236
6 24 83 103
34 64 54 244
74 17 109 27
69 0 75 176
157 141 165 175
135 60 194 108
88 66 175 238
28 105 45 108
108 42 183 126
78 32 88 126
115 180 152 242
141 46 173 246
171 68 186 141
54 66 95 178
13 34 137 81
114 86 132 93
126 34 129 146
61 14 74 172
31 62 132 123
20 13 30 245
98 6 136 78
110 14 158 217
70 162 112 175
105 52 127 139
154 5 190 139
25 38 149 101
29 197 60 239
33 11 194 209
84 52 198 143
37 3 187 137
104 14 189 201
62 177 127 197
154 155 181 156
87 82 131 204
37 54 79 67
24 99 71 216
16 98 63 221
19 172 69 211
25 50 118 196
34 94 41 207
23 37 147 225
15 201 111 232
0 178 166 217
4 107 95 137
82 103 148 169
113 134 191 247
49 116 49 152
11 92 49 249
109 18 113 81
18 9 117 75
102 68 115 195
79 5 180 176
23 0 110 87
159 12 180 108
105 75 135 176
60 31 77 85
10 38 156 160
136 22 148 125
68 168 157 221
10 86 32 88
141 94 173 220
56 84 199 222
24 161 132 193
74 5 81 100
37 106 177 175
13 128 105 159
14 168 192 235
39 76 155 100
143 80 163 161
20 157 190 183
162 80 194 127
39 4 147 125
80 111 156 129
154 45 196 112
74 183 131 243
12 4 71 29
69 62 77 247
54 241 57 242
50 114 111 143
32 100 149 234
110 156 190 195
10 108 34 125
6 20 22 110
2 97 84 101
71 33 94 214
176 3 196 178
14 163 41 240
101 173 135 236
50 10 170 101
28 9 32 104
24 126 99 155
131 55 172 223
89 156 144 175
54 134 161 224
151 92 163 103
6 44 11 95
71 93 149 245
45 98 187 208
15 71 110 128
102 24 144 51
53 28 155 213
78 63 188 182
61 108 133 237
54 19 105 139
42 14 49 82
15 110 172 221
136 21 199 71
51 132 188 202
74 189 140 219
12 102 136 128
94 136 105 150
10 153 148 248
34 174 75 183
2 64 46 88
33 131 76 141
7 91 44 136
139 163 164 197
24 42 145 173
106 37 193 61
36 23 138 173
23 123 54 142
81 49 109 181
25 124 193 131
80 112 193 176
30 21 42 192
50 126 178 206
130 75 171 84
54 156 80 202
135 51 155 94
67 207 101 232
60 162 81 196
21 25 33 118
82 198 93 248
12 97 14 180
144 3 164 176
31 69 48 141
69 54 95 79
98 189 188 192
29 3 44 122
157 74 194 227
128 43 174 208
96 11 99 144
176 46 199 123
18 19 171 170
128 63 175 122
65 54 129 160
105 14 173 42
68 2 91 109
87 67 190 224
64 58 99 65
71 98 168 144
68 116 117 213
71 140 162 181
25 71 191 199
18 72 162 248
1 46 160 78
151 213 173 216
46 55 175 233
52 55 178 174
87 125 136 174
12 15 28 86
24 0 187 71
98 87 165 231
43 218 173 226
13 143 19 211
21 61 134 82
83 4 108 152
93 61 196 125
101 63 106 213
41 9 131 77
176 77 191 193
10 190 75 248
40 100 146 160
147 96 191 128
89 192 184 212
17 192 160 197
150 106 175 231
13 119 98 224
33 190 189 230
51 50 167 181
150 177 163 236
120 157 147 197
85 4 122 159
14 15 170 71
1 132 19 246
96 57 121 220
27 27 58 114
58 144 104 214
26 69 162 219
44 193 48 222
80 235 198 241
111 157 135 177
184 7 195 207
113 12 122 200
73 69 105 249
197 106 198 231
112 33 121 85
118 33 118 150
64 157 174 230
14 44 197 170
3 22 13 224
39 11 81 232
76 24 147 32
4 72 34 135
117 78 194 125
134 113 183 245
2 13 51 117
13 11 146 192
69 131 96 227
22 117 44 234
8 158 96 204
22 36 71 184
55 131 111 221
156 89 186 128
11 1 171 186
98 152 179 210
30 69 180 150
122 21 165 92
39 110 116 241
131 17 197 18
100 93 150 184
17 51 104 155
47 52 171 99
30 3 87 20
10 220 14 231
118 81 162 198
59 71 190 215
27 35 29 204
129 29 198 158
105 83 175 232
23 9 99 207
53 2 136 118
1 119 139 182
49 112 106 117
143 50 171 156
122 67 184 234
29 24 98 217
3 17 155 135
91 26 180 117
100 55 144 239
94 4 193 248
99 69 147 117
52 125 195 167
48 64 82 231
171 115 176 248
144 142 173 223
73 157 166 216
10 44 10 45
44 61 46 177
44 33 171 150
76 85 144 92
39 12 111 167
51 109 119 168
167 59 199 79
4 74 199 84
92 22 151 164
153 102 179 185
62 32 88 245
48 12 129 38
44 12 151 184
67 187 95 193
107 92 165 174
102 20 104 221
101 99 176 132
72 9 186 58
57 17 69 208
3 82 129 165
99 155 186 184
75 18 76 132
19 208 106 224
8 94 129 124
27 95 69 143
49 21 169 164
72 93 193 100
145 146 151 173
18 154 38 224
15 137 137 244
82 45 124 219
71 45 185 173
27 18 36 70
77 37 189 142
4 185 84 234
21 199 185 243
36 51 129 120
114 9 137 90
53 206 180 244
37 44 189 175
55 102 131 237
38 73 123 196
6 37 146 227
17 50 89 191
67 95 190 155
67 79 145 167
49 194 160 244
96 4 119 27
53 80 148 145
137 14 197 247
124 190 165 219
183 183 198 213
39 9 154 60
99 8 181 166
66 130 124 176
75 78 95 205
59 17 68 206
58 50 183 242
76 7 178 218
67 8 78 19
85 111 155 176
64 42 193 107
53 92 68 190
64 85 173 217
5 50 189 133
167 14 195 192
121 12 170 48
146 111 181 215
129 164 174 219
144 58 190 185
8 26 87 246
47 38 52 209
60 6 88 226
25 21 38 105
34 20 126 208
15 114 179 142
6 30 34 227
27 126 164 144
34 35 53 206
69 110 173 185
105 2 196 113
72 207 130 239
105 187 140 235
10 53 59 232
143 135 162 216
158 7 176 71
2 60 62 98
68 175 193 193
92 181 189 226
19 136 167 238
72 25 192 57
2 73 179 234
70 5 124 51
70 30 111 185
29 8 135 20
96 170 129 236
6 214 170 231
10 55 93 56
79 171 166 190
127 136 173 140
135 84 152 223
65 25 168 140
45 94 87 211
31 105 81 223
7 202 160 233
17 7 33 82
10 1 182 70
49 12 131 166
80 48 93 128
10 195 171 238
126 3 160 44
1 119 35 204
53 4 186 62
14 69 59 229
116 27 168 111
132 13 190 105
110 81 165 133
17 143 61 202
56 14 59 73
33 6 46 9
29 145 145 227
58 70 94 222
32 86 107 215
146 155 165 227
48 214 92 217
55 110 147 124
37 149 132 168
80 23 142 81
172 26 173 62
114 3 124 114
19 196 80 213
110 35 191 130
1 33 7 98
6 145 24 154
84 9 171 123
152 9 193 90
77 116 166 228
31 65 85 166
28 115 103 158
15 144 180 225
51 35 136 236
19 115 130 143
29 13 158 48
2 15 142 148
46 110 156 123
70 170 122 196
25 161 129 195
66 73 72 186
41 71 110 136
47 96 74 204
52 41 168 60
53 75 115 231
98 118 138 237
22 92 190 142
23 28 60 227
55 134 105 246
55 161 144 238
86 32 191 245
25 10 116 223
93 17 179 104
26 19 163 93
34 129 138 145
57 26 167 145
128 19 199 37
61 59 167 173
86 205 147 226
76 39 164 78
35 23 57 178
114 27 146 110
72 7 165 77
2 122 94 161
93 62 172 232
38 31 70 189
24 90 188 229
67 128 186 224
79 24 188 118
126 216 165 220
96 150 182 228
62 72 193 113
66 68 138 172
80 76 147 153
24 67 157 144
41 15 73 166
63 129 172 214
6 78 91 172
62 123 158 187
8 72 55 155
50 43 86 43
49 15 60 230
107 210 147 211
2 63 11 154
2 146 89 246
121 47 170 152
74 104 88 215
26 72 184 121
91 105 195 117
55 30 83 165
8 188 110 239
21 100 25 212
14 82 37 229
56 5 177 69
75 3 94 192
13 56 90 147
1 36 156 155
46 39 91 120
26 189 148 226
118 1 156 187
33 101 183 201
101 223 198 245
80 152 187 229
74 20 185 158
29 4 114 233
129 140 186 193
40 30 129 199
101 186 179 201
49 21 74 151
90 93 119 102
103 54 141 193
75 38 119 247
107 167 120 200
21 1 178 211
60 31 125 166
15 70 120 72
58 41 101 196
104 158 105 174
137 98 175 207
87 41 109 160
87 98 109 116
127 70 198 96
43 142 182 153
54 89 84 157
111 162 117 234
27 22 121 81
119 62 146 191
59 117 115 172
179 177 193 220
89 138 188 156
64 79 126 151
15 133 126 234
0 9 138 87
52 102 75 199
37 144 118 230
94 35 146 225
69 218 143 218
95 17 185 196
112 78 133 206
61 90 187 188
68 114 101 237
3 118 173 229
48 46 87 88
26 142 62 149
167 6 197 67
100 72 127 112
63 25 85 234
8 104 25 183
118 126 153 248
74 47 83 189
16 10 86 12
124 52 164 79
164 50 175 178
40 97 142 159
117 38 120 238
41 44 172 49
104 47 160 119
34 220 105 236
21 47 144 129
103 16 103 233
91 0 112 23
38 43 185 113
6 47 99 64
46 180 175 191
3 36 162 174
66 189 177 236
51 159 152 236
60 121 160 188
91 130 180 170
16 146 81 225
26 207 66 234
35 80 86 184
1 66 81 141
67 43 143 49
154 202 162 221
10 88 173 94
123 111 170 121
67 116 120 161
55 80 140 203
151 189 192 202
49 41 63 202
37 168 171 195
6 187 116 236
47 79 93 116
75 11 190 219
46 197 130 224
83 31 127 90
38 25 192 35
90 4 121 26
24 119 124 237
99 78 160 177
50 46 174 212
57 40 87 225
80 29 193 49
74 77 108 215
146 26 180 82
73 36 197 139
102 5 141 27
78 5 81 212
66 150 160 229
22 153 170 207
11 17 86 91
134 100 198 101
39 45 75 244
110 59 169 232
67 91 196 134
190 2 197 118
51 15 109 120
115 56 123 116
145 87 146 204
36 19 89 33
37 28 105 80
26 70 80 169
141 133 165 223
16 169 142 238
127 25 142 158
18 40 137 81
86 161 107 199
36 89 163 226
55 181 112 198
51 80 160 216
83 28 170 120
7 32 137 181
45 175 196 227
30 40 131 87
141 134 191 221
24 93 148 226
52 62 61 138
164 42 194 83
54 166 193 192
76 108 81 176
76 148 103 167
36 90 102 194
113 78 199 214
58 26 195 126
129 108 194 134
54 50 136 235
19 37 55 53
1 62 118 67
25 77 104 186
16 85 112 85
111 118 183 203
59 16 95 156
96 20 180 156
86 54 92 192
19 42 171 236
7 37 58 44
54 80 184 213
9 90 138 146
2 97 195 146
9 71 56 245
124 110 142 219
41 242 129 249
107 228 175 235
181 178 183 204
177 2 178 55
41 92 143 202
5 78 26 226
189 10 190 132
17 79 80 142
57 2 58 200
109 60 185 220
17 229 46 237
26 92 171 140
25 47 100 186
45 19 141 137
69 162 171 249
66 90 102 187
86 29 143 109
26 22 64 50
25 8 52 9
7 139 119 191
82 220 100 239
100 54 145 211
15 174 150 246
13 66 20 158
30 17 86 199
41 51 71 130
37 64 91 68
138 150 197 190
101 193 187 234
52 5 83 87
0 114 167 134
1 7 139 190
37 78 180 215
134 122 173 145
185 50 199 154
69 83 91 173
99 56 109 65
12 101 162 115
127 54 152 229
67 104 188 173
105 145 128 168
0 43 130 95
26 199 182 220
84 221 171 228
22 100 161 147
16 69 104 189
177 95 188 183
25 78 91 220
84 165 143 191
159 19 193 132
162 54 164 104
141 16 171 96
157 5 175 146
150 105 172 131
137 183 184 228
5 63 27 194
25 68 53 134
64 53 170 182
91 191 192 196
16 34 26 243
75 48 118 68
57 62 157 143
42 90 176 136
53 114 164 216
22 0 121 249
157 101 189 133
171 127 175 232
20 110 95 216
83 91 143 160
3 204 80 224
177 150 187 185
127 41 154 69
120 109 173 120
46 101 108 185
32 59 198 233
43 138 109 162
54 89 151 181
27 63 156 214
30 137 136 165
134 138 188 201
138 212 168 230
15 141 42 249
103 158 141 218
38 147 152 249
13 52 29 166
29 2 144 244
27 39 66 178
57 4 106 232
66 14 97 219
120 32 146 184
53 69 196 106
33 12 106 15
74 50 173 210
60 15 92 145
85 163 98 196
31 100 90 221
91 96 191 202
125 10 181 242
36 54 88 168
43 170 192 213
76 147 171 191
20 94 51 208
175 15 194 73
79 132 180 199
31 76 63 160
107 59 130 232
33 16 95 244
6 100 119 241
102 33 106 211
48 37 192 54
67 124 157 197
148 181 157 239
26 195 120 237
34 205 166 231
46 145 49 183
15 61 35 119
13 174 52 194
74 57 101 208
156 67 183 71
142 190 188 209
78 54 165 136
6 70 100 230
171 33 190 215
6 95 125 221
92 212 179 238
70 127 189 228
103 18 103 117
129 59 191 197
137 25 144 50
34 36 155 127
148 24 157 214
54 88 80 154
62 101 72 238
75 204 130 225
4 119 21 180
81 5 105 217
100 174 159 220
33 138 103 147
181 44 194 101
139 69 172 203
36 35 148 47
29 228 59 244
32 112 172 247
30 6 78 246
106 18 175 233
37 54 53 54
60 142 136 231
82 90 142 188
59 31 141 155
139 144 178 244
137 40 177 241
63 19 178 113
85 170 113 215
57 27 160 76
104 17 119 78
131 6 182 72
3 130 167 219
22 73 188 188
106 56 164 132
4 180 143 187
0 115 164 188
42 165 94 231
68 169 97 191
51 6 93 127
170 88 175 126
49 106 155 162
90 124 166 179
182 108 199 191
15 68 20 233
75 2 78 201
18 65 47 92
23 53 165 119
42 217 56 217
37 173 155 227
18 14 171 80
33 170 131 243
2 49 145 98
129 38 154 71
13 43 113 51
50 23 140 40
66 177 122 217
69 93 159 132
53 86 108 137
4 61 64 78
65 139 164 166
84 12 184 89
40 172 129 191
40 82 175 91
61 15 66 27
53 55 74 186
162 33 196 66
91 16 123 225
70 109 71 149
19 105 108 120
64 177 74 244
46 152 199 159
111 83 193 99
38 114 129 236
141 1 175 170
16 88 188 119
14 129 105 151
142 71 186 150
30 163 163 198
123 36 166 83
32 87 153 175
167 174 175 204
51 187 154 241
52 36 115 170
85 80 197 209
20 137 51 192
47 177 186 241
20 120 42 185
83 81 185 207
68 20 185 248
5 177 39 203
87 121 151 226
61 91 94 139
47 4 188 227
31 27 50 50
68 176 116 192
82 43 147 170
29 200 85 249
77 20 144 91
23 22 94 215
115 131 133 241
40 153 167 178
73 107 107 139
162 72 165 175
38 6 126 36
13 140 128 243
75 94 77 135
58 34 151 121
56 130 122 148
31 85 78 195
165 99 181 110
88 11 188 78
102 183 189 207
157 90 193 194
87 49 87 170
16 120 154 210
99 167 116 197
151 34 174 136
78 88 115 182
16 58 123 198
50 85 121 118
81 165 178 193
13 36 50 172
53 152 60 171
12 84 108 172
66 1 134 141
9 54 155 176
29 2 180 208
51 50 164 128
7 14 169 92
187 51 190 201
71 11 97 116
18 201 154 227
58 83 69 90
76 50 188 183
112 19 199 142
3 149 157 180
25 96 150 115
8 35 33 240
105 67 116 199
94 19 101 127
24 84 108 138
59 19 146 191
155 107 171 124
71 121 194 199
18 27 32 29
55 30 142 183
77 52 189 87
116 55 163 170
80 45 171 72
104 48 132 77
18 129 103 179
31 147 41 243
122 68 152 146
71 31 99 31
129 58 194 150
59 42 163 179
37 36 66 107
75 81 192 151
92 37 119 183
29 175 149 209
157 43 172 134
20 16 93 173
54 156 63 246
100 27 148 168
81 38 86 117
64 29 89 69
160 180 176 233
32 114 162 121
54 35 78 121
135 82 168 142
26 130 94 226
142 174 146 245
6 70 37 142
87 86 103 212
59 13 195 243
81 37 172 219
16 95 152 141
140 24 154 197
96 108 183 156
115 46 199 60
22 17 179 84
49 166 173 213
77 181 132 242
0 63 98 162
94 55 100 147
77 228 131 243
22 73 102 162
158 140 162 217
74 134 98 197
23 130 160 167
83 106 167 143
156 195 183 246
76 92 124 174
27 24 122 194
84 19 97 143
27 8 96 162
79 67 158 123
55 149 122 237
139 209 153 239
64 88 177 197
152 24 160 126
150 137 168 191
58 45 128 113
10 75 58 206
64 5 195 179
0 99 132 214
91 154 147 196
24 90 49 103
43 123 195 241
89 50 123 55
116 70 168 186
11 132 26 159
49 146 123 150
2 95 117 177
69 220 119 234
17 67 136 209
195 178 197 230
41 31 69 224
47 85 80 166
140 127 170 137
16 13 45 191
18 45 104 87
72 197 133 200
45 73 139 147
26 110 27 177
5 52 53 137
75 108 162 153
46 19 112 113
17 119 133 173
33 46 75 228
5 45 117 76
37 34 135 83
0 0 46 66
125 99 165 206
43 30 143 138
62 76 80 174
71 29 190 32
5 115 66 180
43 148 62 241
8 2 87 148
34 65 69 137
36 45 146 63
59 37 116 206
9 90 123 176
92 5 119 123
125 155 180 225
54 52 155 183
67 33 124 241
100 21 156 29
59 81 91 186
94 52 163 226
86 132 123 233
23 167 36 229
41 87 152 124
53 116 197 190
62 100 142 125
6 24 71 210
36 149 133 212
6 183 97 244
92 26 151 194
70 4 112 207
14 184 108 201
16 79 76 107
76 127 179 140
58 29 78 182
0 135 48 206
46 68 195 117
36 105 190 221
73 11 170 102
52 39 83 141
58 21 103 154
192 67 194 122
122 86 129 130
25 215 121 249
12 37 124 107
97 72 115 135
85 88 183 131
81 22 188 199
62 39 180 218
123 127 197 148
90 34 163 142
1 28 95 214
89 39 89 248
103 83 133 112
170 75 186 245
8 9 136 159
30 8 84 74
39 128 79 208
22 9 56 142
41 24 77 42
17 49 90 220
64 54 110 153
112 31 180 176
87 184 181 187
45 55 132 159
28 76 32 249
5 36 131 132
125 19 130 199
66 3 136 47
3 24 185 238
58 124 195 242
2 221 49 235
82 36 161 149
31 183 144 214
130 33 150 39
100 89 134 169
39 110 132 242
16 105 86 149
5 88 183 110
157 53 194 219
58 91 130 227
179 45 197 110
68 77 134 227
156 50 157 216
101 54 149 57
111 152 163 163
160 11 172 124
160 54 172 183
1 17 70 189
6 54 179 153
18 70 158 144
118 60 143 197
115 48 179 161
82 121 141 179
139 56 196 226
5 43 143 241
35 10 112 105
60 65 113 131
62 24 158 210
3 165 104 244
41 26 49 147
26 208 56 213
99 117 140 241
122 69 132 195
27 80 165 199
33 78 56 245
85 74 127 233
89 34 101 232
105 21 132 89
95 69 167 168
121 126 153 219
103 54 111 108
72 215 178 223
8 113 33 188
45 160 47 235
66 23 82 149
70 69 127 183
149 72 160 232
8 84 107 196
43 106 162 126
6 109 84 200
114 128 142 176
29 39 84 165
183 49 185 248
95 0 179 130
2 3 26 56
1 5 186 145
77 2 175 104
50 109 131 164
28 3 197 21
120 93 173 212
26 98 183 187
165 101 180 150
67 130 68 242
100 38 124 234
96 32 141 204
39 154 134 187
72 9 75 136
15 162 129 192
134 20 158 179
186 65 199 151
11 80 13 199
38 13 52 193
40 202 92 221
57 38 109 73
17 84 96 238
75 35 165 85
103 69 157 238
113 37 117 100
3 55 60 102
50 155 78 217
138 13 162 67
12 23 183 173
16 240 99 243
34 56 198 245
74 124 126 162
81 1 151 5
131 98 180 196
90 132 133 151
53 219 69 236
13 114 87 242
145 177 177 202
99 77 172 87
41 30 113 113
31 129 118 162
28 163 56 246
42 7 110 248
49 54 190 58
97 125 159 135
14 2 130 39
18 168 38 236
98 217 108 224
2 21 140 110
134 59 154 197
71 73 116 151
37 96 67 109
73 8 168 175
14 35 153 234
78 20 128 137
17 25 77 136
24 92 70 230
97 43 142 120
9 78 34 108
108 31 116 101
13 154 135 184
71 23 130 185
93 167 101 168
20 12 126 165
1 122 117 249
72 11 103 122
19 114 198 235
69 30 161 93
76 9 133 40
78 108 110 111
140 144 173 241
51 31 85 113
35 77 192 82
51 137 199 189
128 70 190 245
169 81 189 176
82 7 156 50
147 108 199 204
116 44 182 54
164 204 193 239
2 0 118 145
34 132 43 158
17 147 184 221
113 13 166 104
125 86 170 93
67 13 128 137
79 123 151 248
29 10 102 127
163 160 178 228
77 80 199 134
67 48 167 66
0 93 28 244
155 149 165 206
7 8 153 50
30 21 79 200
50 9 101 75
36 56 156 67
3 76 172 80
41 227 84 248
53 59 189 144
65 133 165 229
68 81 121 219
53 77 152 100
135 50 154 130
54 187 176 226
25 48 108 195
41 175 188 184
103 191 118 205
165 105 176 145
124 141 177 178
23 136 172 152
164 33 191 123
67 119 175 158
59 119 119 238
129 44 193 99
80 66 86 190
110 36 192 79
30 98 163 203
31 46 190 114
153 37 165 63
80 94 127 101
79 82 188 105
109 130 174 164
12 29 66 243
164 4 181 68
97 71 171 199
17 53 145 132
28 8 162 97
84 17 187 212
40 3 45 249
127 53 150 189
6 75 112 190
8 97 170 215
27 86 88 164
5 103 86 145
126 119 148 161
152 20 174 67
6 119 127 167
54 61 174 230
127 57 153 214
16 242 156 247
24 110 130 157
46 22 94 154
16 77 124 218
3 4 5 90
19 79 180 206
22 45 68 157
12 156 198 225
25 86 64 219
0 36 20 233
120 148 129 183
74 10 185 123
132 143 163 224
67 24 102 33
44 18 50 78
30 166 40 213
131 173 138 196
5 85 145 230
51 63 80 185
165 156 178 226
105 82 123 170
87 154 197 223
87 30 173 74
63 175 152 192
62 1 145 199
61 172 166 233
52 15 72 204
14 66 193 202
62 19 124 87
67 152 81 217
2 27 133 138
10 40 179 214
158 64 160 161
11 19 79 102
133 24 147 224
12 132 199 204
72 6 162 37
59 29 113 84
101 33 101 188
61 94 182 124
101 167 151 227
49 37 65 241
80 78 199 217
89 13 198 44
98 160 116 214
147 16 184 198
63 12 110 145
142 4 156 158
60 82 79 98
2 38 93 201
120 210 128 223
134 223 167 244
45 35 163 55
60 117 165 244
59 180 171 196
82 54 175 104
151 99 197 101
59 5 196 241
20 148 185 163
109 153 133 185
55 157 191 233
110 130 185 222
43 38 66 117
141 23 171 147
127 129 166 237
30 10 123 179
19 114 36 128
22 128 61 134
23 100 197 171
9 0 120 157
149 130 171 142
88 69 189 150
28 15 45 53
68 8 82 203
18 19 195 63
58 26 106 220
117 38 124 151
63 40 152 142
10 46 47 215
194 107 199 182
90 0 159 236
5 24 102 100
122 167 157 195
118 39 157 146
19 33 56 60
10 224 65 234
80 66 153 98
99 61 192 147
21 198 135 232
136 97 190 210
30 165 110 236
31 97 145 183
132 87 134 170
26 180 134 231
67 143 181 243
48 3 74 107
11 0 14 182
172 47 193 144
155 65 184 200
102 25 161 45
53 65 116 149
94 17 108 126
34 120 128 127
13 23 182 97
132 95 159 248
84 52 174 150
23 104 175 114
81 64 199 180
81 148 126 242
100 224 106 234
85 182 162 206
50 49 72 198
11 85 88 170
3 79 68 229
146 123 199 221
144 224 159 240
62 189 136 216
31 137 99 149
55 21 98 200
20 34 135 40
47 176 56 178
88 66 95 172
103 209 105 213
29 78 136 138
94 146 154 232
7 1 118 35
59 31 132 186
179 57 190 123
45 2 194 193
138 193 150 209
11 57 176 134
132 183 159 221
96 66 137 70
25 82 174 100
18 2 173 235
137 175 187 180
125 183 198 243
74 47 97 51
7 217 161 229
52 137 151 169
16 44 89 184
28 88 68 177
49 89 97 92
34 81 184 134
57 58 166 89
93 36 141 61
103 77 105 153
0 66 166 241
155 36 189 176
85 179 136 224
134 135 172 157
125 132 143 179
131 109 134 123
4 133 76 172
41 96 157 103
63 51 197 175
95 214 132 238
86 126 139 242
70 11 88 14
128 30 157 163
5 53 52 65
31 150 112 181
184 15 187 66
20 82 117 218
46 11 61 27
73 10 108 21
173 27 185 133
9 100 12 102
54 146 136 230
74 32 100 134
44 95 50 225
45 52 178 237
130 216 146 231
48 220 63 225
128 231 195 233
50 42 62 157
111 124 169 137
34 89 198 155
54 168 146 176
106 115 137 151
74 91 147 189
14 0 63 4
72 41 93 56
169 76 187 178
171 15 183 153
30 49 69 211
70 162 89 174
43 126 170 168
50 155 163 216
77 98 97 166
125 112 167 201
92 39 138 129
10 62 178 247
105 8 172 133
78 141 120 145
29 176 105 228
80 88 171 140
5 118 66 120
33 56 121 161
88 52 100 184
59 37 170 118
55 38 112 79
31 237 186 242
53 13 126 99
161 101 196 179
13 66 60 243
21 34 87 184
158 36 184 45
65 21 125 152
53 43 150 43
101 138 147 191
34 71 95 249
147 3 149 16
3 209 146 231
13 100 119 221
37 97 59 198
67 38 101 173
7 93 167 220
53 13 85 196
130 80 172 116
105 95 172 242
36 187 163 247
41 83 158 128
50 81 117 96
112 64 163 123
40 145 86 159
152 168 185 243
4 12 41 187
27 3 98 148
56 46 173 126
47 60 121 99
181 46 193 192
69 163 99 186
7 59 32 100
117 105 183 221
10 66 155 208
12 64 117 198
116 57 163 197
42 6 90 41
2 177 130 209
6 4 14 92
32 19 89 210
54 165 192 191
68 176 75 221
90 88 177 174
93 206 138 238
176 86 196 124
62 33 197 61
7 134 117 246
73 86 85 219
35 0 49 213
95 106 109 236
78 203 136 220
116 101 140 126
11 146 79 187
76 84 136 164
61 36 177 137
2 8 51 192
102 127 106 133
124 133 152 161
8 107 162 223
1 148 46 161
89 29 142 77
38 73 113 75
43 198 195 199
66 117 179 148
75 116 143 168
22 49 104 139
88 15 88 138
18 149 39 160
57 149 159 187
36 70 119 163
115 13 160 150
11 66 174 227
78 95 192 242
24 97 60 157
25 198 121 245
110 91 135 97
75 133 143 198
2 14 121 69
97 97 109 140
6 59 82 192
16 87 105 105
12 11 19 219
66 2 113 30
160 179 197 191
54 244 94 247
27 52 41 175
50 61 136 180
147 8 177 166
113 149 162 189
49 22 130 188
122 97 133 158
68 7 175 172
77 156 116 220
76 141 119 217
91 99 146 110
2 58 131 77
3 98 173 145
155 29 192 100
122 78 194 119
162 7 196 189
32 14 193 73
52 107 132 229
8 12 30 54
60 3 193 153
103 85 135 191
140 101 186 116
23 174 148 177
22 4 159 193
47 212 148 236
154 47 185 68
82 15 191 105
54 78 150 207
135 99 188 146
6 184 24 196
7 161 23 180
85 189 197 221
96 11 199 108
168 66 183 217
41 221 199 229
145 61 173 101
78 102 123 214
55 67 62 107
77 16 122 84
112 162 143 164
32 201 78 219
61 53 154 91
23 34 161 99
35 39 174 180
58 170 188 195
86 110 169 205
1 64 38 226
124 147 159 179
12 102 191 227
86 93 99 147
123 172 187 214
137 59 179 150
50 56 70 113
3 2 140 194
93 68 112 102
124 64 172 165
98 59 182 231
36 52 104 92
13 59 140 210
40 112 112 237
46 82 73 234
136 53 161 87
102 99 116 228
46 139 99 232
3 104 63 181
61 152 122 210
77 91 114 208
55 115 62 126
120 105 178 206
141 17 189 24
59 12 120 87
14 39 183 128
86 14 97 46
19 107 98 148
145 138 154 181
16 15 45 113
70 75 96 241
14 29 171 58
33 8 137 148
40 54 57 221
154 125 157 175
77 7 111 233
91 29 127 85
59 105 163 194
12 11 197 90
37 73 51 197
10 67 138 201
140 42 186 110
22 92 134 232
178 7 180 204
96 45 114 135
140 69 159 247
127 76 168 161
2 136 14 245
105 118 116 246
71 6 130 10
49 38 125 160
20 8 162 245
66 124 198 200
7 97 83 174
80 172 85 242
18 79 76 101
5 165 149 199
173 61 199 170
20 153 31 187
128 50 175 163
150 29 182 61
95 62 118 206
79 14 118 228
97 208 195 249
20 35 169 130
98 75 171 98
137 10 151 125
59 137 78 153
113 217 193 248
46 101 182 116
38 77 131 221
50 1 90 131
18 68 50 146
41 4 138 218
38 127 122 227
109 2 161 137
73 86 147 176
58 105 154 215
13 185 117 245
13 121 41 224
51 79 108 92
31 93 116 211
58 100 75 119
14 136 121 249
18 87 159 168
85 96 90 171
7 96 132 206
17 52 99 184
7 49 145 117
108 65 165 115
93 162 140 226
85 25 141 87
51 142 173 190
140 43 190 199
40 1 177 199
132 29 143 131
47 78 146 111
31 63 83 181
9 60 106 165
66 158 122 218
21 172 197 201
68 80 80 116
30 188 79 217
51 26 112 178
106 59 184 137
48 114 100 216
22 81 137 164
19 84 101 208
150 110 189 114
53 43 98 148
83 17 127 76
71 123 99 135
49 159 95 159
44 13 83 190
6 67 166 202
56 90 146 236
115 106 160 130
1 208 81 228
58 37 61 140
23 36 181 43
7 127 32 133
47 86 97 169
67 41 140 51
52 16 88 36
4 9 159 27
15 45 159 49
85 58 113 247
53 98 127 110
106 41 140 225
2 13 143 176
57 2 165 88
161 39 184 179
86 126 110 182
37 25 55 29
51 38 126 54
12 38 17 134
50 58 122 185
56 149 86 194
35 203 79 235
76 143 91 227
20 9 72 213
22 119 53 187
119 195 130 207
35 1 102 170
42 60 179 181
126 16 171 217
30 82 175 199
32 138 139 190
5 156 183 186
133 171 191 228
16 130 86 170
65 40 139 85
51 174 161 223
61 199 90 209
149 33 156 135
12 7 21 94
4 2 54 241
56 72 150 87
119 4 182 210
76 70 198 206
87 30 102 80
69 11 120 185
0 102 43 108
142 26 154 213
31 102 54 134
61 39 196 94
16 80 71 108
19 44 29 158
85 15 196 16
39 87 166 89
79 102 83 187
109 98 139 145
111 114 141 178
132 27 162 77
83 44 115 190
23 69 83 188
32 121 125 238
194 3 197 125
100 37 115 210
6 53 152 171
136 120 146 209
140 215 170 218
127 35 199 166
114 132 169 229
130 103 182 192
49 23 60 154
100 95 166 198
3 98 141 192
98 21 137 193
100 97 141 168
9 130 97 172
